1 36 36
3.209347 0.818100 7.593672
1.636200 1.520800 3.860000
721.530000 0.000000 609.550000 0.000000 721.530000 172.850000 0.000000 0.000000 1.000000
870.382471 297.398635
822.876976 274.854741
820.614810 282.369372
820.614810 254.815724
822.876976 259.825479
825.139143 289.884004
861.333805 304.913266
859.071639 271.097425
872.644637 274.854741
879.431136 308.670582
899.790634 304.913266
902.052800 267.340110
904.314966 238.534023
911.101466 197.203551
868.120304 195.951113
836.449975 228.514515
825.139143 241.038900
822.876976 278.612057
1049.093615 294.893758
969.917792 276.107180
960.869126 283.621811
967.655625 254.815724
981.228624 261.077917
978.966457 291.136442
1033.258451 303.660828
1044.569283 271.097425
1064.928780 273.602303
1064.928780 306.165705
1069.453113 303.660828
1067.190947 263.582794
1062.666614 236.029146
1028.734118 199.708428
974.442124 197.203551
972.179958 227.262076
947.296128 241.038900
949.558294 281.116934
-0.000166
0.000802
0.000251
0.000507
-0.000045
-0.000279
-0.000070
0.000080
-0.001057
-0.000332
0.000009
0.000529
0.320514
0.000001
-0.000077
0.000133
-0.000411
-0.000359
0.016580
0.357597
0.018742
0.017371
0.016952
0.042682
0.044452
0.016692
0.016656
0.016677
0.016711
0.016685
0.016691
0.016628
0.016289
0.016844
0.016959
0.017470
2.362801 1.381550 6.413983
2.428566 1.380627 8.944795
2.449096 1.451372 9.327254
2.421027 0.980243 9.220096
2.398326 0.992672 8.660887
2.431458 1.490521 8.549063
2.382293 1.472140 6.803006
2.336640 0.987976 6.698763
2.339051 0.964950 6.156924
2.353963 1.408241 6.025385
2.432639 1.325406 5.670862
2.477563 0.610280 5.692316
2.494427 0.411058 6.055927
2.634812 -0.052417 6.443400
2.660701 -0.035277 7.913649
2.507595 0.500357 8.454679
2.562032 0.767243 9.442471
2.520898 1.402708 9.529508
3.998533 1.381550 6.374865
4.053822 1.380627 8.905927
4.051598 1.451372 9.288930
4.074513 0.980243 9.180553
4.070456 0.992672 8.620898
4.032016 1.490521 8.510786
3.997660 1.472140 6.764375
4.038277 0.987976 6.658069
4.009968 0.964950 6.116964
3.988785 1.408241 5.986289
3.893251 1.325406 5.635932
3.849405 0.610280 5.659509
3.849942 0.411058 6.023510
3.728239 -0.052417 6.417251
3.772661 -0.035277 7.887056
3.951455 0.500357 8.420149
3.944299 0.767243 9.409414
3.989547 1.402708 9.494385
0.020273 -0.065597 0.021338 0.017684 -0.065302 0.027290 0.013302 -0.051431 0.011149 0.012793 -0.030917 0.029868 0.013011 -0.037686 0.033512 0.020861 -0.050442 0.043109 0.017236 -0.051528 0.010535 0.023409 -0.025970 0.021594 0.014070 -0.027879 0.022616 0.017519 -0.049237 0.034882 0.022744 -0.049557 -0.033806 0.036172 -0.130176 -0.016508 0.014216 -0.002581 0.417035 0.024651 0.053084 0.509639 0.022611 0.042218 -0.006913 0.005400 0.006267 -0.014878 0.000115 -0.016439 0.037792 0.012682 -0.033965 0.035248 -0.019230 -0.065597 0.022283 -0.016359 -0.065302 0.028104 -0.012754 -0.051431 0.011772 -0.011350 -0.030917 0.030445 -0.011394 -0.037686 0.034095 -0.018776 -0.050442 0.044056 -0.016712 -0.051528 0.011347 -0.022350 -0.025970 0.022688 -0.012973 -0.027879 0.023263 -0.015831 -0.049237 0.035680 -0.024334 -0.049557 -0.032681 -0.036919 -0.130176 -0.014760 0.005736 -0.002581 0.417238 -0.000260 0.053084 0.510235 -0.022916 0.042218 -0.005824 -0.006105 0.006267 -0.014603 0.001692 -0.016439 0.037754 -0.010983 -0.033965 0.035814 
0.123205 -0.034971 0.021454 0.126410 -0.037529 0.151892 0.130568 -0.066526 0.134425 0.127852 -0.039379 0.138289 0.127849 -0.043256 0.175068 0.131182 -0.064602 0.167288 0.125191 -0.063261 0.003932 0.128034 -0.027444 0.005641 0.119938 -0.023991 0.025126 0.116194 -0.048229 0.031505 0.093181 -0.041632 -0.105754 0.073355 0.040166 -0.118143 0.066632 0.018511 -0.068463 0.065922 0.016282 -0.127680 0.079168 0.017583 0.175359 0.090250 -0.000273 0.105751 0.094756 -0.017280 0.152893 0.103777 -0.085237 0.135361 -0.122039 -0.034971 0.027319 -0.119004 -0.037529 0.157761 -0.123993 -0.066526 0.140513 -0.121095 -0.039379 0.144242 -0.119334 -0.043256 0.180980 -0.123035 -0.064602 0.173367 -0.124860 -0.063261 0.009912 -0.127618 -0.027444 0.011754 -0.118600 -0.023991 0.030830 -0.114556 -0.048229 0.037023 -0.098130 -0.041632 -0.101179 -0.078919 0.040166 -0.114501 -0.069829 0.018511 -0.065199 -0.071950 0.016282 -0.124382 -0.070695 0.017583 0.178943 -0.085092 -0.000273 0.109944 -0.087339 -0.017280 0.157248 -0.097188 -0.085237 0.140167 
-0.060321 -0.019799 0.052881 -0.053957 -0.018251 0.050438 -0.045010 -0.181339 0.066438 -0.032802 -0.148338 0.045580 -0.042547 -0.145210 0.037746 -0.045792 -0.126528 0.004560 -0.044697 -0.126508 0.099161 -0.044615 -0.141093 0.069060 -0.053091 -0.131648 0.041387 -0.062920 -0.133687 0.031011 -0.119886 -0.128944 0.039054 -0.144892 -0.001135 0.011741 -0.145675 -0.071781 0.034275 -0.149505 -0.135255 -0.101924 -0.122454 -0.127651 0.095234 -0.095573 -0.104856 -0.050051 -0.099020 -0.145698 0.067423 -0.094902 -0.201364 0.030519 0.062780 -0.019799 0.049937 0.056306 -0.018251 0.047801 0.048135 -0.181339 0.064211 0.034943 -0.148338 0.043960 0.044302 -0.145210 0.035669 0.045958 -0.126528 0.002366 0.049386 -0.126508 0.096911 0.047865 -0.141093 0.066849 0.055008 -0.131648 0.038802 0.064330 -0.133687 0.027968 0.121615 -0.128944 0.033279 0.145287 -0.001135 0.004802 0.147147 -0.071781 0.027272 0.144461 -0.135255 -0.108954 0.126867 -0.127651 0.089271 0.093071 -0.104856 -0.054563 0.102130 -0.145698 0.062612 0.096253 -0.201364 0.025947 
0.034638 0.059343 0.254710 0.032149 0.059341 -0.086389 0.049107 -0.050898 -0.093297 0.054397 0.023893 -0.106187 0.042558 0.019074 -0.072124 0.040935 -0.033028 -0.087737 0.045557 -0.038753 0.251837 0.044425 0.033823 0.243976 0.043378 0.029359 0.276976 0.043228 -0.043678 0.262207 0.061488 -0.018188 0.122852 0.067526 0.076950 0.099905 0.053657 0.029359 0.040634 0.058933 -0.003284 -0.054562 0.040425 0.025340 0.007176 0.038730 0.029423 -0.103135 0.056974 0.029826 -0.087730 0.046398 -0.047390 -0.085564 -0.022422 0.059343 0.256074 -0.036242 0.059341 -0.084754 -0.053511 -0.050898 -0.090843 -0.059411 0.023893 -0.103465 -0.045957 0.019074 -0.070007 -0.045082 -0.033028 -0.085680 -0.033466 -0.038753 0.253727 -0.032711 0.033823 0.245820 -0.030089 0.029359 0.278733 -0.030645 -0.043678 0.263974 -0.055545 -0.018188 0.125651 -0.062673 0.076950 0.103019 -0.051653 0.029359 0.043152 -0.061474 -0.003284 -0.051682 -0.040036 0.025340 0.009100 -0.043616 0.029423 -0.101166 -0.061102 0.029826 -0.084906 -0.050435 -0.047390 -0.083248 
-0.011421 0.090744 0.086112 -0.014193 0.086004 0.125483 -0.025276 0.091269 0.120841 -0.016756 0.119424 0.125108 -0.023214 0.118656 0.124038 -0.024912 0.098018 0.120222 -0.028208 0.101242 0.086657 -0.024571 0.121115 0.091216 -0.024630 0.128830 0.063691 -0.034283 0.122182 0.066555 -0.097281 0.135574 0.042138 -0.140309 0.174622 0.025034 -0.152015 0.106298 0.142339 -0.127131 0.005094 0.026022 -0.099072 0.026899 0.209897 -0.078755 0.084282 0.110264 -0.082882 0.056790 0.087994 -0.082120 0.092641 0.057446 0.015524 0.090744 0.085467 0.020175 0.086004 0.124661 0.031024 0.091269 0.119494 0.022717 0.119424 0.124164 0.029117 0.118656 0.122787 0.030630 0.098018 0.118894 0.032318 0.101242 0.085210 0.028903 0.121115 0.089937 0.027647 0.128830 0.062441 0.037425 0.122182 0.064840 0.099184 0.135574 0.037439 0.141345 0.174622 0.018298 0.158646 0.106298 0.134910 0.128230 0.005094 0.019915 0.108992 0.026899 0.204921 0.083936 0.084282 0.106374 0.086993 0.056790 0.083931 0.084772 0.092641 0.053455 
0.018666 0.147255 -0.123251 0.028141 0.150047 -0.073503 0.045309 -0.063793 -0.068764 0.063340 0.000140 -0.104262 0.070256 0.018676 -0.080329 0.025961 0.003588 -0.114101 0.035562 -0.007438 -0.092829 0.047421 0.006244 -0.121909 0.055842 0.003417 -0.094741 0.037644 -0.027770 -0.116075 0.006806 -0.043548 0.124220 0.001112 0.066937 0.157776 0.007739 -0.031060 0.228805 -0.015595 -0.098563 -0.054701 0.010663 -0.078652 0.328416 0.074458 -0.034087 0.219900 0.078816 -0.019400 -0.135759 0.028795 -0.078019 -0.117512 -0.024536 0.147255 -0.122218 -0.031622 0.150047 -0.072074 -0.048544 -0.063793 -0.066519 -0.068252 0.000140 -0.101115 -0.074015 0.018676 -0.076878 -0.031386 0.003588 -0.112730 -0.039959 -0.007438 -0.091023 -0.053194 0.006244 -0.119502 -0.060307 0.003417 -0.091963 -0.043149 -0.027770 -0.114143 -0.000860 -0.043548 0.124403 0.006431 0.066937 0.157648 0.003208 -0.031060 0.228914 0.012963 -0.098563 -0.055384 0.005048 -0.078652 0.328550 -0.063861 -0.034087 0.223208 -0.085215 -0.019400 -0.131836 -0.034379 -0.078019 -0.116001 
-0.001986 0.007537 0.067179 0.004506 0.004758 0.070524 0.004579 0.106443 0.097108 -0.015659 -0.002728 0.076620 -0.031243 -0.017093 0.065703 -0.029006 0.068165 0.064351 -0.021162 0.073383 0.086406 -0.044276 -0.035678 0.069539 -0.036019 -0.043979 0.082822 -0.019268 0.062445 0.058442 0.061907 0.053616 0.100562 0.091651 -0.313098 0.086379 0.059825 -0.211427 -0.182296 0.003087 -0.163389 0.124313 0.008766 -0.143243 0.053855 0.028014 -0.108801 0.275833 -0.023439 -0.091775 -0.141664 0.030017 0.107700 -0.031946 0.005195 0.007537 0.067007 -0.001130 0.004758 0.070659 0.000068 0.106443 0.097216 0.019303 -0.002728 0.075784 0.034348 -0.017093 0.064134 0.032049 0.068165 0.062891 0.025268 0.073383 0.085295 0.047550 -0.035678 0.067343 0.039937 -0.043979 0.081005 0.022040 0.062445 0.057454 -0.057029 0.053616 0.103406 -0.087417 -0.313098 0.090662 -0.068471 -0.211427 -0.179228 0.002859 -0.163389 0.124318 -0.006182 -0.143243 0.054212 -0.014796 -0.108801 0.276857 0.016640 -0.091775 -0.142623 -0.031510 0.107700 -0.030474 
-0.075117 -0.107867 0.051483 -0.065299 -0.101051 -0.091601 -0.084719 -0.039522 -0.153459 -0.088599 -0.033653 -0.147195 -0.075637 -0.044097 -0.010832 -0.061964 -0.044133 -0.012220 -0.067827 -0.049221 -0.029383 -0.077793 -0.040758 -0.028638 -0.080060 -0.027806 0.095945 -0.065381 -0.033113 0.104476 -0.042871 -0.060191 -0.096990 -0.028148 -0.019393 -0.097493 0.098107 0.093986 -0.147344 0.065419 0.191802 0.051913 0.013551 0.166647 0.292104 -0.023446 0.089734 0.296126 -0.065219 0.075222 0.020627 -0.007074 -0.033355 0.030172 0.077492 -0.107867 0.047833 0.060845 -0.101051 -0.094618 0.077287 -0.039522 -0.157334 0.081462 -0.033653 -0.151262 0.075032 -0.044097 -0.014435 0.061309 -0.044133 -0.015168 0.066345 -0.049221 -0.032591 0.076335 -0.040758 -0.032324 0.084555 -0.027806 0.092008 0.070300 -0.033113 0.101231 0.038186 -0.060191 -0.098928 0.023455 -0.019393 -0.098727 -0.105039 0.093986 -0.142485 -0.062862 0.191802 0.054981 0.000427 0.166647 0.292417 0.037575 0.089734 0.294667 0.066131 0.075222 0.017486 0.008508 -0.033355 0.029799 
-0.083098 -0.033546 -0.039245 -0.074281 -0.031171 0.159805 -0.044728 -0.055565 0.132420 -0.015164 -0.008866 0.153612 -0.088880 -0.032923 0.152353 -0.065144 -0.016904 0.177902 -0.082238 -0.033549 -0.049211 -0.076176 -0.018868 -0.025418 -0.069984 -0.041068 -0.010792 -0.052259 -0.066556 -0.013267 -0.018825 -0.062503 0.231863 0.063544 0.057522 0.232197 0.108160 0.041598 0.064471 0.198917 0.178071 -0.101359 0.090809 0.129223 -0.041362 0.054803 0.032156 -0.040309 0.055872 0.051294 -0.158132 -0.083988 -0.056806 -0.143424 0.081127 -0.033546 -0.043172 0.081835 -0.031171 0.156071 0.051007 -0.055565 0.130131 0.022489 -0.008866 0.152712 0.096061 -0.032923 0.147931 0.073574 -0.016904 0.174585 0.079792 -0.033549 -0.053086 0.074874 -0.018868 -0.029030 0.069388 -0.041068 -0.014125 0.051565 -0.066556 -0.015750 0.029887 -0.062503 0.230698 -0.052371 0.057522 0.234969 -0.104955 0.041598 0.069567 -0.203534 0.178071 -0.091734 -0.092682 0.129223 -0.036974 -0.056667 0.032156 -0.037643 -0.063368 0.051294 -0.155280 0.077036 -0.056806 -0.147275 
0.055590 0.032581 -0.018282 0.042998 0.025194 0.027290 0.015568 -0.099874 -0.059931 0.024825 0.083685 -0.027071 0.059318 0.063740 0.120988 0.037461 -0.059321 0.093205 0.037342 -0.070694 -0.090784 0.069784 0.125380 -0.085167 0.074896 0.128279 0.028032 0.041040 -0.059226 0.064528 0.042868 -0.025466 -0.044081 0.075359 -0.321436 -0.017437 -0.103920 0.057192 -0.030053 -0.246634 0.100953 -0.079427 -0.095885 0.115904 0.023811 -0.084482 0.084950 -0.088404 -0.167480 -0.023029 -0.245534 -0.069501 -0.062365 -0.103082 -0.056400 0.032581 -0.015604 -0.041644 0.025194 0.029314 -0.018415 -0.099874 -0.059119 -0.026091 0.083685 -0.025854 -0.053466 0.063740 0.123686 -0.032963 -0.059321 0.094889 -0.041639 -0.070694 -0.088895 -0.073775 0.125380 -0.081734 -0.073470 0.128279 0.031581 -0.037909 -0.059226 0.066416 -0.044927 -0.025466 -0.041982 -0.076106 -0.321436 -0.013814 0.102365 0.057192 -0.034986 0.242556 0.100953 -0.091126 0.096914 0.115904 0.019200 0.080159 0.084950 -0.092342 0.155552 -0.023029 -0.253259 0.064494 -0.062365 -0.106286 
0.011459 0.079088 -0.036896 0.006038 0.079062 0.045972 0.030326 -0.105420 0.022612 0.067534 0.032019 -0.015094 0.044855 0.052004 0.030999 0.004248 -0.031568 0.018577 0.007797 -0.029852 -0.025462 0.041053 0.034565 -0.053997 0.039353 0.022226 -0.011830 0.019410 -0.039819 -0.026851 -0.042663 -0.069236 0.117472 0.008784 0.250643 0.080068 0.070079 0.022820 -0.391242 -0.126770 -0.012593 0.395169 -0.060108 -0.005865 0.003583 -0.029156 -0.011696 -0.050837 0.011481 0.016432 0.000494 -0.016507 -0.118494 -0.060291 -0.013210 0.079088 -0.036306 -0.003833 0.079062 0.046208 -0.029211 -0.105420 0.024036 -0.068179 0.032019 -0.011848 -0.043322 0.052004 0.033108 -0.003355 -0.031568 0.018759 -0.009006 -0.029852 -0.025060 -0.043587 0.034565 -0.051973 -0.039874 0.022226 -0.009936 -0.020671 -0.039819 -0.025892 0.048229 -0.069236 0.115298 -0.004946 0.250643 0.080396 -0.088701 0.022820 -0.387445 0.145515 -0.012593 0.388657 0.060210 -0.005865 0.000706 0.026692 -0.011696 -0.052173 -0.011444 0.016432 0.001042 0.013606 -0.118494 -0.061011 
-0.046581 0.163269 0.010654 -0.066993 0.162394 0.041769 -0.059535 -0.038540 0.025759 -0.075840 -0.028944 -0.061878 -0.035022 0.002442 0.102013 -0.033424 0.055911 0.022085 0.002049 0.065829 0.016322 -0.009106 0.016529 -0.066168 0.032828 0.059761 0.057078 0.019866 0.073543 -0.012918 -0.025692 0.068199 -0.165492 0.018641 0.006561 -0.175561 0.283265 0.049760 0.025249 0.244192 -0.090126 0.025465 0.030382 -0.132641 0.118716 0.002700 -0.044447 -0.199413 -0.182635 -0.114571 -0.119457 -0.131175 -0.112067 0.047096 0.047037 0.163269 0.008415 0.068913 0.162394 0.038518 0.060698 -0.038540 0.022883 0.072795 -0.028944 -0.065433 0.039859 0.002442 0.100223 0.034441 0.055911 0.020462 -0.001266 0.065829 0.016401 0.005932 0.016529 -0.066528 -0.030062 0.059761 0.058582 -0.020461 0.073543 -0.011953 0.017752 0.068199 -0.166531 -0.027012 0.006561 -0.174469 -0.281734 0.049760 0.038761 -0.242695 -0.090126 0.037109 -0.024672 -0.132641 0.120032 -0.012230 -0.044447 -0.199056 0.176716 -0.114571 -0.128051 0.133276 -0.112067 0.040771 
-0.111484 0.095661 -0.013004 -0.093611 0.097347 0.039475 -0.029128 -0.018214 -0.006690 -0.035045 -0.065260 -0.114771 -0.059081 -0.072969 0.147796 -0.094097 0.043873 0.040157 -0.108032 0.033503 -0.028235 -0.099762 -0.089041 -0.129576 -0.038367 -0.047282 0.110729 -0.033769 0.022206 0.028493 0.154925 0.050692 -0.010849 0.212728 -0.030317 0.017942 0.059682 0.010582 0.045131 -0.223803 -0.038687 -0.025563 -0.122956 -0.002336 0.083148 -0.031983 0.028345 -0.163940 0.252331 0.128455 0.091173 0.215824 0.046506 0.098715 0.110735 0.095661 -0.018319 0.095391 0.097347 0.034955 0.028775 -0.018214 -0.008074 0.029519 -0.065260 -0.116315 0.066079 -0.072969 0.144803 0.095909 0.043873 0.035613 0.106559 0.033503 -0.033367 0.093454 -0.089041 -0.134197 0.043616 -0.047282 0.108768 0.035093 0.022206 0.026846 -0.155266 0.050692 -0.003431 -0.211627 -0.030317 0.028091 -0.057456 0.010582 0.047932 0.222325 -0.038687 -0.036232 0.126790 -0.002336 0.077176 0.024109 0.028345 -0.165282 -0.247684 0.128455 0.103131 -0.210858 0.046506 0.108919 
-0.054393 0.077689 -0.004518 -0.041426 0.079931 0.008432 -0.033457 -0.015540 0.037637 0.026533 0.173205 0.100764 -0.042636 0.146587 -0.087011 -0.041844 0.015913 -0.057316 -0.029833 -0.014003 0.044296 0.017828 0.151884 0.087773 0.001965 0.098427 -0.054227 -0.051264 -0.128815 -0.055846 -0.100822 -0.338344 -0.042186 -0.030369 -0.253174 0.034303 0.106940 -0.056186 -0.037097 0.085956 -0.040618 -0.021471 0.006143 -0.024029 0.101827 -0.068491 0.009106 -0.083619 0.136966 0.162522 0.212819 -0.025459 0.014610 0.041649 0.054114 0.077689 -0.007113 0.041782 0.079931 0.006442 0.035218 -0.015540 0.035994 -0.021686 0.173205 0.101918 0.038428 0.146587 -0.088949 0.039057 0.015913 -0.059251 0.031917 -0.014003 0.042819 -0.013611 0.151884 0.088525 -0.004555 0.098427 -0.054072 0.048536 -0.128815 -0.058233 0.098691 -0.338344 -0.046957 0.031974 -0.253174 0.032812 -0.108591 -0.056186 -0.031943 -0.086884 -0.040618 -0.017338 -0.001269 -0.024029 0.102004 0.064415 0.009106 -0.086798 -0.126636 0.162522 0.219123 0.027420 0.014610 0.040384 
-0.098266 0.019834 -0.004652 -0.107592 -0.002633 0.020648 -0.062676 -0.068277 -0.028116 -0.032108 0.100830 0.000197 -0.074413 0.089827 0.004690 -0.076255 -0.134831 0.061091 -0.056995 -0.105623 -0.047448 -0.012571 0.185832 0.011210 -0.016326 0.135378 0.027144 -0.014953 -0.088936 0.060491 0.155551 -0.005778 -0.074283 0.227163 0.153173 -0.151740 -0.035194 -0.042037 0.079837 -0.012960 -0.105027 -0.034841 -0.045101 -0.128840 -0.222327 0.080059 -0.045524 0.269805 0.034605 -0.006223 0.064276 -0.112510 -0.110379 -0.064889 0.097932 0.019834 -0.009344 0.108456 -0.002633 0.015481 0.061260 -0.068277 -0.031080 0.032081 0.100830 -0.001338 0.074552 0.089827 0.001128 0.079088 -0.134831 0.057376 0.054661 -0.105623 -0.050118 0.013092 0.185832 0.010596 0.017605 0.135378 0.026333 0.017828 -0.088936 0.059707 -0.158925 -0.005778 -0.066763 -0.234157 0.153173 -0.140708 0.038970 -0.042037 0.078064 0.011279 -0.105027 -0.035421 0.034422 -0.128840 -0.224229 -0.067071 -0.045524 0.273324 -0.031492 -0.006223 0.065857 0.109279 -0.110379 -0.070193 
-0.012880 -0.126186 0.026679 -0.015987 -0.134744 -0.006794 -0.031865 -0.051011 0.075606 0.039628 0.019988 0.194337 -0.040214 -0.003887 -0.175759 -0.076709 0.004866 -0.104377 -0.068139 -0.004541 0.123280 0.003102 0.011555 0.201073 -0.004940 0.019746 -0.213447 -0.022439 0.052351 -0.109499 0.155380 0.144411 -0.090431 0.156521 0.028296 -0.076535 0.095279 0.042217 -0.023576 -0.131741 0.068724 0.014007 -0.085969 0.034433 0.235977 0.050769 -0.039930 -0.121117 0.081720 -0.079402 -0.085291 -0.067093 -0.026377 -0.134617 0.014140 -0.126186 0.026032 0.015644 -0.134744 -0.007550 0.035442 -0.051011 0.073997 -0.030292 0.019988 0.196009 0.031766 -0.003887 -0.177480 0.071632 0.004866 -0.107924 0.073954 -0.004541 0.119882 0.006513 0.011555 0.200992 -0.005269 0.019746 -0.213439 0.017179 0.052351 -0.110446 -0.159526 0.144411 -0.082900 -0.160001 0.028296 -0.068965 -0.096297 0.042217 -0.018994 0.132260 0.068724 0.007693 0.097151 0.034433 0.231598 -0.056500 -0.039930 -0.118552 -0.085704 -0.079402 -0.081287 0.060581 -0.026377 -0.137671 
0.131420 -0.024967 -0.013634 0.062565 -0.021768 0.001148 -0.057745 -0.005403 -0.013664 -0.144726 -0.096861 -0.009037 0.025155 -0.013193 -0.041561 -0.020962 0.014451 -0.018766 0.058760 0.010712 -0.007031 0.120483 0.004240 -0.003845 0.110407 -0.021844 -0.013141 0.104411 0.002944 -0.017675 0.125629 0.015675 0.150615 0.099153 0.007644 0.110346 0.193337 0.013500 0.042235 0.094099 0.106554 -0.053133 -0.326661 -0.042110 -0.041404 -0.324662 -0.058981 0.082141 -0.101907 0.026709 0.166160 -0.082388 0.057432 0.005724 -0.131921 -0.024967 -0.007336 -0.062439 -0.021768 0.004137 0.057026 -0.005403 -0.016409 0.144129 -0.096861 -0.015945 -0.027113 -0.013193 -0.040311 0.020041 0.014451 -0.019747 -0.059029 0.010712 -0.004214 -0.120529 0.004240 0.001919 -0.110909 -0.021844 -0.007849 -0.105137 0.002944 -0.012664 -0.118285 0.015675 0.156448 -0.093765 0.007644 0.114960 -0.191097 0.013500 0.051428 -0.096531 0.106554 -0.048574 0.324309 -0.042110 -0.056972 0.328217 -0.058981 0.066527 0.109733 0.026709 0.161099 0.082567 0.057432 0.001779 
0.066652 0.058254 0.007864 0.007744 0.053171 0.020196 0.003165 0.163136 0.088413 -0.079418 -0.114140 -0.011948 -0.043554 -0.065124 -0.005452 0.021485 0.162122 -0.033534 0.069968 0.152142 0.075371 0.013385 -0.116018 0.039195 0.054893 -0.118542 0.033360 0.067261 0.002254 -0.057060 -0.017665 -0.285487 -0.067489 0.104797 0.062071 -0.091340 0.100542 -0.015944 0.051451 -0.245109 -0.020170 -0.024322 0.036512 0.112539 -0.087592 0.132925 0.118318 0.084151 -0.073172 0.121040 -0.013106 -0.216922 -0.048122 -0.111298 -0.066200 0.058254 0.011041 -0.006770 0.053171 0.020543 0.001065 0.163136 0.088463 0.078756 -0.114140 -0.015730 0.043243 -0.065124 -0.007528 -0.023064 0.162122 -0.032469 -0.066285 0.152142 0.078629 -0.011496 -0.116018 0.039790 -0.053236 -0.118542 0.035946 -0.069912 0.002254 -0.053780 0.014418 -0.285487 -0.068256 -0.109044 0.062071 -0.086226 -0.097967 -0.015944 0.056198 0.243666 -0.020170 -0.036011 -0.040658 0.112539 -0.085746 -0.128750 0.118318 0.090409 0.072462 0.121040 -0.016589 0.211354 -0.048122 -0.121540 
-0.118522 0.150386 0.026992 -0.098821 0.167090 -0.005408 0.021557 -0.104577 0.055822 0.047825 -0.035509 0.009418 -0.056011 -0.084421 -0.019331 0.048631 0.019116 -0.091852 0.045461 -0.003941 0.103238 -0.013064 -0.083440 0.025992 0.069683 -0.001504 -0.074056 0.078563 0.094186 -0.078357 0.141541 0.237294 -0.034982 -0.056562 -0.165506 0.066808 -0.123907 -0.002672 -0.057407 0.055520 0.073277 0.025858 0.153394 0.113672 -0.089184 -0.124459 0.069096 0.110202 0.025855 0.129659 0.147047 -0.098391 -0.256340 -0.034005 0.119676 0.150386 0.021296 0.098449 0.167090 -0.010126 -0.018864 -0.104577 0.056788 -0.047320 -0.035509 0.011694 0.055023 -0.084421 -0.021987 -0.052966 0.019116 -0.089422 -0.040474 -0.003941 0.105293 0.014292 -0.083440 0.025338 -0.073144 -0.001504 -0.070640 -0.082219 0.094186 -0.074512 -0.143052 0.237294 -0.028176 0.059691 -0.165506 0.064028 0.121021 -0.002672 -0.063264 -0.054221 0.073277 0.028482 -0.157481 0.113672 -0.081749 0.129585 0.069096 0.104127 -0.018796 0.129659 0.148115 0.096653 -0.256340 -0.038670 
-0.051446 0.110999 -0.008945 -0.014189 0.128300 0.023889 0.114217 0.081407 0.081514 0.073951 0.042433 0.071150 -0.009356 0.019157 -0.013741 0.001174 0.018836 -0.044013 -0.039429 -0.012855 0.065170 -0.082876 -0.081568 0.026369 -0.049990 -0.099596 0.006997 0.014736 -0.123134 -0.057001 0.142718 -0.188506 -0.167009 0.058302 0.127423 -0.109433 -0.183682 0.028898 -0.001540 0.140939 0.099571 0.027612 -0.031617 0.033902 -0.006203 -0.301213 -0.066537 0.051821 -0.062050 -0.047467 -0.196201 0.182780 0.108772 -0.066807 0.050959 0.110999 -0.011394 0.015315 0.128300 0.023183 -0.110190 0.081407 0.086880 -0.070466 0.042433 0.074604 0.008689 0.019157 -0.014173 -0.003277 0.018836 -0.043906 0.042499 -0.012855 0.063211 0.084042 -0.081568 0.022377 0.050267 -0.099596 0.004600 -0.017444 -0.123134 -0.056231 -0.150538 -0.188506 -0.159996 -0.063467 0.127423 -0.106521 0.183399 0.028898 -0.010319 -0.139458 0.099571 0.034318 0.031285 0.033902 -0.007707 0.303346 -0.066537 0.037363 0.052600 -0.047467 -0.198942 -0.185765 0.108772 -0.057993 
0.067485 -0.098515 -0.004578 -0.017858 -0.105310 -0.003800 -0.066402 0.062132 -0.070445 -0.179649 -0.003851 -0.036150 -0.041018 0.038750 0.034815 -0.006454 0.029819 0.071473 0.062048 0.011931 -0.094408 0.026811 0.028572 -0.029679 0.041872 -0.014019 0.031027 0.076601 -0.019011 0.039024 0.118674 -0.001116 0.028528 0.105762 0.084287 -0.012179 -0.226555 -0.199537 -0.033019 0.065615 -0.167294 0.032284 0.259326 0.057992 0.211586 -0.159666 -0.101641 -0.174342 -0.008970 0.126532 0.059146 -0.129344 0.016507 -0.118119 -0.067627 -0.098515 -0.001347 0.017656 -0.105310 -0.004649 0.062959 0.062132 -0.073538 0.177715 -0.003851 -0.044697 0.042636 0.038750 0.032814 0.009863 0.029819 0.071083 -0.066490 0.011931 -0.091334 -0.028199 0.028572 -0.028364 -0.040341 -0.014019 0.032993 -0.074648 -0.019011 0.042641 -0.117175 -0.001116 0.034168 -0.106223 0.084287 -0.007109 0.224718 -0.199537 -0.043811 -0.063996 -0.167294 0.035383 -0.248915 0.057992 0.223740 0.151149 -0.101641 -0.181775 0.011788 0.126532 0.058650 0.123550 0.016507 -0.124167 
0.065078 0.048222 -0.026189 0.064851 0.058274 -0.011512 0.009549 0.065078 -0.074794 0.292780 0.129873 0.051942 -0.074242 -0.100412 0.020537 -0.009954 -0.083188 0.031814 -0.056573 -0.141292 -0.057309 0.014712 -0.126230 -0.047250 -0.063062 -0.157433 0.055747 0.000723 -0.090557 0.036727 -0.005230 0.148903 0.068155 -0.080801 -0.040167 -0.187466 0.096707 0.035167 0.011605 0.031103 -0.123804 0.003940 -0.070803 -0.018076 0.023841 -0.005290 0.044546 -0.031567 -0.031764 0.162760 0.098624 -0.145819 0.171934 -0.255703 -0.066256 0.048222 -0.023049 -0.065327 0.058274 -0.008399 -0.013113 0.065078 -0.074252 -0.289962 0.129873 0.065878 0.075139 -0.100412 0.016964 0.011464 -0.083188 0.031302 0.053769 -0.141292 -0.059948 -0.016953 -0.126230 -0.046493 0.065655 -0.157433 0.052668 0.001033 -0.090557 0.036720 0.008482 0.148903 0.067827 0.071747 -0.040167 -0.191114 -0.096042 0.035167 0.016215 -0.030879 -0.123804 0.005422 0.071862 -0.018076 0.020429 0.003775 0.044546 -0.031783 0.036442 0.162760 0.096992 0.133429 0.171934 -0.262381 
0.142098 0.062497 0.010405 0.188649 0.060797 0.039753 -0.019691 -0.060808 -0.000191 -0.113877 -0.105572 -0.041271 0.130791 0.028375 0.038348 -0.009659 0.048042 0.002816 -0.087443 0.011040 0.029439 -0.079982 -0.015229 0.015990 -0.056464 0.033167 -0.009566 -0.053413 0.100647 0.000631 -0.159885 0.017466 -0.002066 0.045116 -0.036907 -0.193895 -0.191894 -0.193113 -0.026780 0.186383 0.142576 0.028378 -0.231425 -0.026351 0.003466 0.092941 0.047250 -0.014805 0.212204 0.083105 -0.022947 -0.040271 -0.100410 -0.152516 -0.141439 0.062497 0.017185 -0.186533 0.060797 0.048726 0.019660 -0.060808 -0.001132 0.111774 -0.105572 -0.046668 -0.128809 0.028375 0.044556 0.009783 0.048042 0.002351 0.088750 0.011040 0.025225 0.080654 -0.015229 0.012148 0.055942 0.033167 -0.012254 0.053382 0.100647 -0.001923 0.159604 0.017466 -0.009707 -0.054333 -0.036907 -0.191517 0.190395 -0.193113 -0.035922 -0.184813 0.142576 0.037255 0.231326 -0.026351 -0.007601 -0.093542 0.047250 -0.010346 -0.213058 0.083105 -0.012777 0.032934 -0.100410 -0.154266 
0.156381 0.076439 0.015358 0.130641 0.081382 0.014389 -0.053454 0.043302 0.009422 -0.256380 -0.039346 0.032539 -0.011078 0.029085 0.019282 -0.083379 -0.140995 0.037023 -0.047942 -0.117535 -0.009415 -0.028412 -0.012351 0.022966 0.008477 -0.015766 0.012262 -0.012995 -0.081793 -0.010943 0.268266 0.006135 -0.245687 -0.304527 0.005376 0.194739 0.037446 0.066490 -0.036573 -0.012232 -0.049367 0.034330 -0.012181 -0.004982 -0.019868 0.110685 0.037006 0.002398 0.119594 0.013828 -0.056217 -0.063601 0.081064 -0.035813 -0.155468 0.076439 0.022815 -0.129804 0.081382 0.020617 0.053843 0.043302 0.006856 0.257643 -0.039346 0.020246 0.011987 0.029085 0.018731 0.085053 -0.140995 0.032995 0.047437 -0.117535 -0.011696 0.029477 -0.012351 0.021581 -0.007881 -0.015766 0.012653 0.012457 -0.081793 -0.011552 -0.279704 0.006135 -0.232582 0.313488 0.005376 0.179960 -0.039152 0.066490 -0.034741 0.013859 -0.049367 0.033706 0.011218 -0.004982 -0.020428 -0.110444 0.037006 0.007687 -0.122145 0.013828 -0.050436 0.061817 0.081064 -0.038812 
-0.036472 0.074370 -0.024795 -0.040661 0.091307 0.026276 -0.097444 -0.067333 0.057097 -0.171238 -0.050984 0.028665 0.287105 0.130362 -0.041478 -0.036381 -0.082391 -0.057146 -0.079496 -0.109593 0.086387 -0.036615 -0.107100 0.029055 0.069322 -0.048748 -0.060984 -0.052385 -0.153155 -0.076095 0.002987 0.070848 0.149663 0.170210 -0.035558 -0.057398 -0.066170 0.067357 -0.029267 0.030797 -0.049009 0.009866 0.089713 0.038973 0.025388 0.147250 0.156450 -0.011661 -0.239244 0.019608 0.096584 0.063885 0.182302 0.044692 0.035245 0.074370 -0.026510 0.041871 0.091307 0.024302 0.100062 -0.067333 0.052374 0.172412 -0.050984 0.020447 -0.288760 0.130362 -0.027706 0.033607 -0.082391 -0.058819 0.083535 -0.109593 0.082488 0.037962 -0.107100 0.027271 -0.072158 -0.048748 -0.057600 0.048688 -0.153155 -0.078512 0.004171 0.070848 0.149635 -0.172760 -0.035558 -0.049196 0.064695 0.067357 -0.032397 -0.030290 -0.049009 0.011326 -0.088396 0.038973 0.029648 -0.147639 0.156450 -0.004609 0.243588 0.019608 0.085038 -0.061675 0.182302 0.047695 
-0.083338 0.107800 -0.011268 -0.123284 0.091846 -0.026150 0.022220 0.022367 -0.064379 -0.051886 -0.003598 0.040192 -0.253353 -0.160114 -0.021299 0.035227 -0.008319 0.032109 0.130103 0.047397 -0.056621 0.151179 0.057889 0.014182 0.023845 -0.017176 -0.032841 0.072385 -0.000035 0.062416 0.084650 -0.077014 0.035764 0.019697 -0.021636 0.030958 -0.186598 -0.033859 -0.063123 0.105776 0.133218 0.038057 -0.166431 0.008459 0.080904 0.285524 0.036854 -0.081011 -0.093295 -0.174512 0.149426 0.052005 0.125057 -0.070211 0.082704 0.107800 -0.015239 0.121893 0.091846 -0.032013 -0.025272 0.022367 -0.063243 0.053748 -0.003598 0.037666 0.252045 -0.160114 -0.033385 -0.033652 -0.008319 0.033756 -0.132661 0.047397 -0.050337 -0.150329 0.057889 0.021392 -0.025387 -0.017176 -0.031664 -0.069319 -0.000035 0.065805 -0.082844 -0.077014 0.039770 -0.018194 -0.021636 0.031864 0.183368 -0.033859 -0.071971 -0.103836 0.133218 0.043070 0.170108 0.008459 0.072856 -0.289070 0.036854 -0.067270 0.100331 -0.174512 0.144796 -0.055302 0.125057 -0.067645 
-0.302681 -0.093372 0.038520 -0.290760 -0.061443 -0.018357 0.002123 0.109839 0.032244 0.011000 -0.018491 -0.009946 0.324537 0.111147 0.031957 0.098915 0.006878 0.039470 0.049117 -0.045137 0.010617 0.169072 -0.048515 -0.059325 0.050545 -0.079828 0.060287 0.051634 0.038020 0.015225 0.018879 -0.001332 -0.108860 -0.133024 0.007181 0.029921 0.018440 -0.093242 0.002497 0.031540 0.010213 0.003062 -0.167074 0.006610 0.012282 0.028268 -0.021107 -0.015781 0.110625 0.038685 -0.052043 -0.102997 0.044674 -0.100970 0.304176 -0.093372 0.024007 0.289550 -0.061443 -0.032235 -0.000579 0.109839 0.032309 -0.011463 -0.018491 -0.009409 -0.322638 0.111147 0.047434 -0.096915 0.006878 0.044154 -0.048553 -0.045137 0.012953 -0.171715 -0.048515 -0.051175 -0.047605 -0.079828 0.062634 -0.050847 0.038020 0.017676 -0.024061 -0.001332 -0.107834 0.134302 0.007181 0.023528 -0.018300 -0.093242 0.003375 -0.031358 0.010213 0.004566 0.167470 0.006610 0.004281 -0.028990 -0.021107 -0.014412 -0.112987 0.038685 -0.046695 0.098053 0.044674 -0.105778 
-0.079385 0.101006 -0.012471 -0.016440 0.087023 0.002038 0.123283 0.039404 -0.044994 -0.247705 -0.097428 0.061761 0.063208 -0.012971 -0.020744 0.172419 -0.046584 0.049087 0.093181 -0.040580 -0.080419 -0.061008 0.075318 0.080466 -0.159005 0.011541 -0.030349 0.030480 0.006945 0.056699 -0.084001 0.020319 0.122353 -0.034542 -0.060457 -0.170575 0.116538 0.168690 0.005390 -0.127206 0.053456 -0.000944 0.150387 0.008470 -0.009409 -0.115735 -0.132872 0.020338 0.169500 -0.173270 0.093023 0.013455 0.062425 -0.191683 0.078698 0.101006 -0.016251 0.016519 0.087023 0.001249 -0.125292 0.039404 -0.039050 0.250374 -0.097428 0.049849 -0.064127 -0.012971 -0.017699 -0.169875 -0.046584 0.057273 -0.096919 -0.040580 -0.075873 0.064784 0.075318 0.077457 0.157373 0.011541 -0.037915 -0.027735 0.006945 0.058092 0.089754 0.020319 0.118198 0.026349 -0.060457 -0.172031 -0.116147 0.168690 0.010955 0.127015 0.053456 -0.007024 -0.150665 0.008470 -0.002210 0.116575 -0.132872 0.014782 -0.164860 -0.173270 0.101019 -0.022603 0.062425 -0.190821 
0.013532 0.099223 0.054489 -0.051929 0.106042 -0.025200 -0.109026 0.059260 0.016133 0.012299 -0.070253 0.013550 -0.050230 -0.146681 0.014344 -0.204502 -0.196684 0.014792 -0.058228 -0.119771 0.029032 0.219433 0.008365 0.025406 0.251143 0.075464 -0.067273 -0.008933 0.081687 0.005682 -0.177690 0.007373 0.022056 -0.015178 0.052365 -0.102608 0.040930 -0.176659 0.015693 -0.077064 0.107284 -0.005416 0.125893 0.100397 -0.028352 -0.080348 -0.080129 0.038999 0.110344 -0.004996 -0.120147 0.004021 0.164974 0.088223 -0.010911 0.099223 0.055074 0.050665 0.106042 -0.027653 0.109673 0.059260 0.010903 -0.011638 -0.070253 0.014122 0.050859 -0.146681 0.011926 0.204975 -0.196684 0.005000 0.059549 -0.119771 0.026216 -0.217968 0.008365 0.035866 -0.254072 0.075464 -0.055190 0.009194 0.081687 0.005249 0.178542 0.007373 0.013536 0.010255 0.052365 -0.103217 -0.040133 -0.176659 0.017632 0.076717 0.107284 -0.009094 -0.127105 0.100397 -0.022302 0.082120 -0.080129 0.035114 -0.115961 -0.004996 -0.114735 0.000200 0.164974 0.088314 
-0.019263 0.049192 0.021205 0.032860 0.067538 -0.031881 0.046117 -0.009128 -0.070450 0.017874 0.071231 0.058157 0.062294 0.095919 -0.018260 0.006189 -0.015358 0.059827 -0.068259 -0.049646 -0.065036 -0.150804 0.002108 0.044281 -0.102054 0.000772 -0.002302 0.074477 0.080812 -0.004718 0.118249 -0.004606 0.019812 -0.126950 0.072416 -0.016690 0.181784 -0.408406 0.062880 -0.120174 0.167691 -0.044972 0.019023 0.102429 0.001209 0.061218 -0.088100 -0.043325 -0.232364 0.011877 0.100844 0.138981 -0.076408 -0.013762 0.020254 0.049192 0.020260 -0.034347 0.067538 -0.030273 -0.049432 -0.009128 -0.068165 -0.015073 0.071231 0.058945 -0.063096 0.095919 -0.015261 -0.003322 -0.015358 0.060055 0.065072 -0.049646 -0.068224 0.152749 0.002108 0.037022 0.101828 0.000772 -0.007178 -0.074618 0.080812 -0.001152 -0.117167 -0.004606 0.025442 0.126007 0.072416 -0.022739 -0.178571 -0.408406 0.071498 0.117886 0.167691 -0.050665 -0.018944 0.102429 0.002117 -0.063219 -0.088100 -0.040349 0.236919 0.011877 0.089621 -0.139480 -0.076408 -0.007102 
-0.066683 -0.064796 0.052128 -0.057468 -0.063274 0.012054 0.072690 -0.001083 -0.048279 -0.040272 0.003953 0.004572 -0.078332 -0.032128 0.015659 0.076609 -0.021864 0.067605 0.057417 -0.040291 -0.030830 -0.362382 -0.157676 0.061116 0.384643 0.214647 -0.122678 0.111765 0.021696 0.033196 -0.041143 -0.056272 0.033500 -0.072423 0.005080 -0.034841 0.022540 0.041615 0.001277 0.028014 -0.088379 0.008105 -0.092604 -0.061267 -0.000962 0.017083 0.016585 0.003206 -0.008493 0.094774 -0.036139 0.087563 0.042086 -0.092629 0.069098 -0.064796 0.048881 0.057979 -0.063274 0.009293 -0.074914 -0.001083 -0.044749 0.040445 0.003953 0.002642 0.078991 -0.032128 0.011897 -0.073290 -0.021864 0.071190 -0.058825 -0.040291 -0.028050 0.364890 -0.157676 0.043724 -0.390068 0.214647 -0.104151 -0.110050 0.021696 0.038501 0.042697 -0.056272 0.031495 0.070674 0.005080 -0.038264 -0.022453 0.041615 0.002353 -0.027594 -0.088379 0.009434 0.092453 -0.061267 -0.005388 -0.016910 0.016585 0.004018 0.006756 0.094774 -0.036504 -0.091891 0.042086 -0.088337 
-0.021866 0.028879 0.001377 0.106568 0.062347 -0.042014 0.009281 0.189381 -0.056383 0.157434 0.028133 -0.043475 0.136619 0.015485 -0.005223 -0.043145 -0.058390 0.021368 -0.139783 -0.054238 -0.053144 -0.161314 -0.121597 -0.025193 0.083718 0.035422 0.029417 -0.038182 0.143341 0.074026 -0.011901 -0.086312 -0.099260 0.180946 -0.020252 0.196695 -0.071862 0.084931 -0.017823 -0.001781 0.140997 -0.001878 0.067668 -0.043511 0.034395 0.012778 -0.125310 -0.034158 0.007705 -0.218621 0.181730 -0.243776 0.010717 0.009092 0.021907 0.028879 0.000330 -0.108455 0.062347 -0.036872 -0.011965 0.189381 -0.055875 -0.159332 0.028133 -0.035900 -0.136713 0.015485 0.001314 0.044118 -0.058390 0.019281 0.137082 -0.054238 -0.059765 0.159926 -0.121597 -0.032876 -0.082216 0.035422 0.033385 0.041677 0.143341 0.072116 0.007142 -0.086312 -0.099715 -0.171337 -0.020252 0.205120 0.070928 0.084931 -0.021238 0.001690 0.140997 -0.001961 -0.065946 -0.043511 0.037590 -0.014396 -0.125310 -0.033508 0.000991 -0.218621 0.181890 0.243932 0.010717 -0.002572 
-0.026536 -0.075229 -0.055426 0.015207 -0.073106 0.041943 0.162073 0.119068 0.125463 0.043070 -0.125567 -0.135003 0.033183 0.013763 0.015119 -0.240905 0.040558 -0.039135 -0.227253 0.084796 0.061692 0.093554 0.108361 -0.075427 0.126841 0.098896 0.061971 -0.035546 -0.006435 -0.004337 0.175415 -0.068553 0.169462 -0.190848 -0.066257 -0.147507 -0.025637 0.098299 0.002478 0.012586 0.029374 -0.001462 0.061300 -0.031658 0.010702 0.034822 -0.044276 -0.020277 -0.056918 -0.043109 0.104991 0.091443 -0.101904 -0.164844 0.023856 -0.075229 -0.056632 -0.013185 -0.073106 0.042622 -0.155890 0.119068 0.133067 -0.049474 -0.125567 -0.132790 -0.032422 0.013763 0.016688 0.238759 0.040558 -0.050606 0.229942 0.084796 0.050758 -0.097053 0.108361 -0.070869 -0.123733 0.098896 0.067964 0.035298 -0.006435 -0.006032 -0.167113 -0.068553 0.177653 0.183579 -0.066257 -0.156462 0.025726 0.098299 0.001249 -0.012641 0.029374 -0.000859 -0.060719 -0.031658 0.013621 -0.035752 -0.044276 -0.018590 0.061872 -0.043109 0.102150 -0.099218 -0.101904 -0.160285 
-0.042357 -0.044004 0.009502 0.018272 -0.050274 -0.034569 0.332140 0.118009 0.123336 -0.098790 -0.026317 -0.047835 -0.049303 -0.065644 0.065401 -0.085061 -0.248036 -0.102905 0.036539 -0.162003 0.057883 -0.012959 0.105422 -0.018977 -0.152204 0.047860 0.062413 0.149086 0.131913 -0.160717 -0.161503 0.029419 -0.087956 0.131907 -0.000461 0.123602 0.010560 -0.010520 -0.003013 0.025424 -0.059098 -0.000561 -0.044693 -0.023006 0.039712 0.010342 0.070241 -0.027400 -0.104813 0.131058 0.013535 0.021070 0.005778 -0.041622 0.042763 -0.044004 0.007467 -0.019903 -0.050274 -0.033656 -0.325864 0.118009 0.139073 0.096390 -0.026317 -0.052503 0.052373 -0.065644 0.062970 0.080044 -0.248036 -0.106853 -0.033731 -0.162003 0.059563 0.012037 0.105422 -0.019574 0.155014 0.047860 0.055066 -0.156598 0.131913 -0.153407 0.157114 0.029419 -0.095576 -0.125848 -0.000461 0.129766 -0.010692 -0.010520 -0.002505 -0.025422 -0.059098 0.000655 0.046541 -0.023006 0.037530 -0.011640 0.070241 -0.026874 0.105341 0.131058 0.008509 -0.023035 0.005778 -0.040567 
0.017630 -0.024284 -0.066618 -0.010005 -0.049080 0.060152 -0.011804 0.018083 0.162168 0.040327 0.031653 -0.149921 -0.064917 -0.014848 0.090941 0.144493 -0.023871 -0.227419 0.138002 -0.016932 0.125638 -0.176542 0.062798 -0.114003 0.026007 0.128594 0.135954 -0.045315 -0.243504 -0.110181 0.053735 0.088648 0.062766 -0.045734 0.025363 -0.050985 0.028927 -0.165665 -0.001410 -0.033840 0.151863 0.001230 0.003519 0.037171 0.035482 0.012792 -0.005203 -0.015676 0.089908 -0.131926 0.016200 -0.177509 0.145572 0.065817 -0.020795 -0.024284 -0.065699 0.012869 -0.049080 0.059605 0.019543 0.018083 0.161418 -0.047448 0.031653 -0.147822 0.069190 -0.014848 0.087734 -0.155199 -0.023871 -0.220251 -0.131839 -0.016932 0.132091 0.170891 0.062798 -0.122312 -0.019478 0.128594 0.137042 0.039996 -0.243504 -0.112221 -0.050673 0.088648 0.065263 0.043245 0.025363 -0.053113 -0.028961 -0.165665 -0.000026 0.033860 0.151863 -0.000389 -0.001819 0.037171 0.035610 -0.013527 -0.005203 -0.015047 -0.089031 -0.131926 0.020479 0.180452 0.145572 0.057256 
0.029800 0.021437 -0.038143 -0.060438 0.041818 -0.031683 0.118856 0.234255 -0.004976 -0.044639 0.066778 0.067117 -0.028884 0.093633 -0.137808 -0.086705 -0.064051 0.011326 -0.036074 -0.034500 -0.120588 -0.066493 -0.046370 0.040240 -0.010800 -0.094825 0.011310 0.202970 -0.081029 0.061182 0.053435 0.035531 0.212979 -0.021941 -0.038899 -0.131226 -0.035866 0.004795 -0.019229 0.036833 -0.033514 0.015154 -0.095376 0.081573 0.037352 0.014442 0.102184 -0.034759 0.116201 -0.061992 -0.124387 -0.130184 -0.179708 0.316790 -0.031589 0.021437 -0.036675 0.058854 0.041818 -0.034536 -0.118958 0.234255 0.000711 0.047796 0.066778 0.064907 0.022263 0.093633 -0.139031 0.087147 -0.064051 0.007169 0.030269 -0.034500 -0.122175 0.068341 -0.046370 0.037016 0.011328 -0.094825 0.010781 -0.199813 -0.081029 0.070814 -0.043193 0.035531 0.215290 0.015643 -0.038899 -0.132125 0.034906 0.004795 -0.020922 -0.036066 -0.033514 0.016897 0.097053 0.081573 0.032750 -0.016087 0.102184 -0.034029 -0.122015 -0.061992 -0.118690 0.145179 -0.179708 0.310205 
-0.068553 0.046153 -0.092733 0.035881 0.031534 -0.005582 0.226636 0.141882 -0.004005 -0.004317 -0.155583 0.039991 0.033163 -0.088039 -0.094333 0.023765 0.002200 0.054105 0.028089 0.108215 -0.091629 0.024657 0.050202 0.071459 0.071900 0.052660 -0.087755 -0.333221 -0.270650 0.204862 -0.053038 0.158225 -0.112363 0.059522 0.029619 0.086552 0.048935 -0.108865 -0.000885 0.004482 0.002621 0.006223 -0.033270 0.003432 0.022233 -0.030446 0.024771 -0.020440 -0.067011 0.109832 -0.004169 -0.020378 -0.070244 0.021410 0.064041 0.046153 -0.095904 -0.036107 0.031534 -0.003861 -0.226568 0.141882 0.006834 0.006224 -0.155583 0.039739 -0.037635 -0.088039 -0.092640 -0.021152 0.002200 0.055179 -0.032437 0.108215 -0.090181 -0.021213 0.050202 0.072556 -0.076013 0.052660 -0.084218 0.342633 -0.270650 0.188699 0.047606 0.158225 -0.114770 -0.055317 0.029619 0.089298 -0.048921 -0.108865 0.001455 -0.004179 0.002621 0.006430 0.034295 0.003432 0.020617 0.029434 0.024771 -0.021872 0.066735 0.109832 -0.007368 0.021378 -0.070244 0.020412 
-0.049907 -0.002125 0.059025 0.065264 0.005590 0.002826 0.038384 0.053623 0.008267 -0.050901 -0.053064 -0.055818 -0.123089 -0.055637 -0.015279 0.386759 0.175338 0.023700 -0.393750 -0.252578 0.051871 0.126038 0.043651 -0.034572 0.005116 0.072392 -0.079082 0.009361 0.005850 -0.020409 0.027202 -0.024048 0.028099 0.020633 0.021897 0.014378 0.007866 -0.017198 -0.004773 0.012335 -0.073851 0.005333 -0.022294 0.057173 0.007407 0.007461 -0.007073 -0.001670 -0.026201 0.012135 -0.033502 -0.040363 0.020489 0.087602 0.052672 -0.002125 0.056572 -0.065055 0.005590 0.005943 -0.037945 0.053623 0.010092 0.048175 -0.053064 -0.058187 0.122218 -0.055637 -0.021145 -0.385184 0.175338 0.042161 0.395780 -0.252578 0.032989 -0.127547 0.043651 -0.028508 -0.008890 0.072392 -0.078747 -0.010326 0.005850 -0.019938 -0.025827 -0.024048 0.029367 -0.019922 0.021897 0.015348 -0.008085 -0.017198 -0.004392 -0.012066 -0.073851 0.005916 0.022623 0.057173 0.006333 -0.007533 -0.007073 -0.001311 0.024570 0.012135 -0.034716 0.044505 0.020489 0.085572 
0.037497 -0.000866 0.052160 -0.020900 -0.006361 -0.001374 -0.038467 0.123416 0.014286 -0.113816 0.118579 0.072076 -0.074973 0.059233 -0.007819 0.069613 0.010663 -0.057476 0.019703 -0.068997 0.017196 0.070198 -0.083565 -0.076868 0.060801 -0.080687 0.052080 -0.012605 -0.073288 -0.009467 -0.039106 0.062327 0.025880 0.010948 -0.022801 -0.024067 -0.047150 0.092630 -0.001207 -0.087806 0.300008 0.005801 0.070174 -0.356997 0.027598 0.095957 -0.220227 -0.020016 -0.054129 0.245401 -0.051316 0.046492 -0.105412 0.029254 -0.034961 -0.000866 0.053893 0.020810 -0.006361 -0.002371 0.039106 0.123416 0.012431 0.117132 0.118579 0.066553 0.074514 0.059233 -0.011394 -0.072281 0.010663 -0.054082 -0.018858 -0.068997 0.018118 -0.073793 -0.083565 -0.073425 -0.058241 -0.080687 0.054927 0.012138 -0.073288 -0.010059 0.040299 0.062327 0.023981 -0.012086 -0.022801 -0.023516 0.047039 0.092630 -0.003460 0.087983 0.300008 0.001597 -0.068774 -0.356997 0.030921 -0.096804 -0.220227 -0.015406 0.051614 0.245401 -0.053844 -0.045040 -0.105412 0.031443 
-0.038465 -0.005075 -0.080609 -0.033362 0.029233 0.121345 0.008262 -0.142245 -0.032100 0.130491 -0.235139 0.033033 0.120264 -0.154628 -0.091940 0.002675 -0.017910 -0.056605 -0.027908 0.039357 -0.064452 -0.077185 0.113639 0.061406 -0.153066 0.104388 -0.032617 0.157193 0.078440 0.126885 0.132295 -0.101228 0.035317 -0.048848 0.003320 -0.024133 -0.043587 0.016885 -0.022335 -0.014551 0.080075 0.016705 0.063432 -0.190170 0.023122 0.020363 -0.001465 -0.015094 -0.039016 0.212719 -0.096372 -0.156616 0.186109 0.143437 0.034568 -0.005075 -0.082356 0.039125 0.029233 0.119612 -0.009787 -0.142245 -0.031668 -0.128763 -0.235139 0.039233 -0.124522 -0.154628 -0.086086 -0.005378 -0.017910 -0.056413 0.024795 0.039357 -0.065713 0.080032 0.113639 0.057646 0.151331 0.104388 -0.039896 -0.150947 0.078440 0.134254 -0.130456 -0.101228 0.041601 0.047638 0.003320 -0.026441 0.042470 0.016885 -0.024393 0.015333 0.080075 0.015990 -0.062254 -0.190170 0.026128 -0.021061 -0.001465 -0.014103 0.034365 0.212719 -0.098127 0.163294 0.186109 0.135787 
-0.054865 -0.031484 0.084255 0.082565 0.044746 -0.007174 -0.096468 0.127664 0.108482 0.008824 0.032794 -0.037241 -0.000808 -0.024650 -0.010512 0.120332 -0.197191 -0.032258 0.207445 -0.070452 -0.022137 0.022072 -0.065426 -0.056618 -0.081078 0.074710 -0.093371 -0.345203 0.255080 0.021662 0.204555 -0.147437 0.158278 -0.012002 0.004720 -0.090604 0.002996 0.018081 0.004960 0.027185 -0.055021 0.005273 -0.034249 0.006919 0.023957 -0.024790 0.057920 -0.034430 -0.037381 0.063852 -0.044193 0.008205 -0.070236 0.049184 0.058830 -0.031484 0.081536 -0.082814 0.044746 -0.003219 0.101543 0.127664 0.103747 -0.010594 0.032794 -0.036776 0.000304 -0.024650 -0.010538 -0.121737 -0.197191 -0.026469 -0.208266 -0.070452 -0.012195 -0.024753 -0.065426 -0.055498 0.076521 0.074710 -0.097140 0.345844 0.255080 0.005136 -0.196755 -0.147437 0.167875 0.007657 0.004720 -0.091074 -0.002756 0.018081 0.005097 -0.026902 -0.055021 0.006566 0.035355 0.006919 0.022292 0.023116 0.057920 -0.035576 0.035226 0.063852 -0.045929 -0.005845 -0.070236 0.049520 
-0.286922 -0.111609 0.085611 0.287444 0.087696 0.180809 0.085437 -0.115921 0.009206 -0.008274 -0.015256 -0.200259 -0.160358 0.210386 -0.174550 -0.046280 -0.037633 0.169604 0.058312 0.041626 0.014713 0.066263 -0.059492 -0.007634 0.045109 -0.127532 -0.036038 0.044677 -0.009744 -0.043152 -0.015010 0.029240 -0.007551 -0.002317 -0.000465 -0.017447 0.007208 -0.048426 0.010911 -0.036056 0.061965 -0.012615 0.044784 -0.090383 0.005969 -0.026190 0.089841 -0.008150 0.027747 -0.026387 -0.015789 -0.069098 0.095214 0.012115 0.290687 -0.111609 0.071798 -0.278472 0.087696 0.194343 -0.084899 -0.115921 0.013280 -0.001308 -0.015256 -0.200426 0.151831 0.210386 -0.182016 0.054335 -0.037633 0.167198 -0.057542 0.041626 0.017484 -0.066553 -0.059492 -0.004458 -0.046780 -0.127532 -0.033840 -0.046689 -0.009744 -0.040967 0.014632 0.029240 -0.008260 0.001480 -0.000465 -0.017537 -0.006678 -0.048426 0.011243 0.035412 0.061965 -0.014324 -0.044447 -0.090383 0.008103 0.025771 0.089841 -0.009393 -0.028470 -0.026387 -0.014444 0.069598 0.095214 0.008799 
0.020800 0.009700 0.007200 0.005700 0.004700 0.003300 0.002100 0.001600 0.001000 0.000900 0.000800 0.000800 0.000700 0.000600 0.000500 0.000500 0.000400 0.000400 0.000400 0.000300 0.000300 0.000300 0.000300 0.000300 0.000200 0.000200 0.000200 0.000200 0.000200 0.000200 0.000200 0.000100 0.000100 0.000100 0.000100 0.000100 0.000100 0.000100 0.000100 0.000100 0.000100 0.000100 