1 36 36
6.196711 0.875800 20.377149
1.520800 1.636200 3.860000
721.530000 0.000000 609.550000 0.000000 721.530000 172.850000 0.000000 0.000000 1.000000
910.043196 209.562435
793.805154 221.212144
776.456192 226.730428
779.925985 213.241290
807.684323 210.175577
811.154115 223.664715
894.429131 213.854433
896.164027 199.752153
920.452573 196.073297
925.657262 208.336149
941.271327 203.431008
936.066639 178.292161
918.717677 177.679018
890.959339 170.321307
837.177558 174.000163
814.623908 192.394441
769.516608 205.883579
764.311919 226.730428
885.754650 206.496721
778.191088 218.146431
762.577023 223.051572
764.311919 210.175577
788.600465 207.723007
795.540050 219.985859
871.875481 210.788720
873.610377 197.299582
894.429131 194.233869
901.368715 205.883579
918.717677 201.591581
915.247885 177.679018
897.898923 178.292161
877.080169 170.321307
826.768181 174.000163
799.009842 191.781299
757.372334 205.883579
755.637438 223.051572
0.000001
0.000001
0.025014
0.025153
0.024645
0.000303
0.488856
0.000001
0.000001
0.000001
0.000062
0.000446
0.000001
0.000050
0.024739
0.025572
0.025849
0.025074
0.135803
0.000001
0.024982
0.000395
0.000094
0.000001
0.001714
0.000179
0.000001
0.000257
0.000001
0.003049
0.000065
0.000001
0.024990
0.024816
0.024877
0.025039
7.454335 1.439250 19.651418
4.929426 1.438327 19.466576
4.546812 1.509072 19.449183
4.656220 1.037943 19.431848
5.214933 1.050372 19.464561
5.322932 1.548221 19.508590
7.065291 1.529840 19.632342
7.173539 1.045676 19.597223
7.712483 1.022650 19.653207
7.841902 1.465941 19.681055
8.186906 1.383106 19.794406
8.161115 0.667980 19.836987
7.797619 0.468758 19.817809
7.398162 0.005283 19.919187
5.932560 0.022423 19.799549
5.409324 0.558057 19.593688
4.420990 0.824943 19.550170
4.338449 1.460408 19.500630
7.331496 1.439250 21.283001
4.807373 1.438327 21.087709
4.426468 1.509072 21.047619
4.532047 1.037943 21.081139
5.089360 1.050372 21.132450
5.202734 1.548221 21.105088
6.943982 1.529840 21.243611
7.045750 1.045676 21.294542
7.587002 1.022650 21.319884
7.719131 1.465941 21.311728
8.077218 1.383106 21.251312
8.058093 0.667980 21.205349
7.695823 0.468758 21.169885
7.316048 0.005283 21.009840
5.849055 0.022423 20.908688
5.300894 0.558057 21.033885
4.317186 0.824943 20.928931
4.228157 1.460408 20.965553
-0.023239 -0.065597 0.018063 -0.028905 -0.065302 0.014898 -0.012410 -0.051431 0.012135 -0.030986 -0.030917 0.009776 -0.034634 -0.037686 0.009633 -0.044960 -0.050442 0.016495 -0.012188 -0.051528 0.016109 -0.023803 -0.025970 0.021159 -0.023897 -0.027879 0.011764 -0.036444 -0.049237 0.013983 0.031391 -0.049557 0.025976 0.012849 -0.130176 0.037627 -0.416397 -0.002581 -0.027097 -0.509579 0.053084 -0.025871 0.004643 0.042218 0.023184 0.014271 0.006267 0.006845 -0.037618 -0.016439 -0.003623 -0.036329 -0.033965 0.009134 -0.020272 -0.065597 -0.021339 -0.026349 -0.065302 -0.019058 -0.010453 -0.051431 -0.013856 -0.029173 -0.030917 -0.014306 -0.032801 -0.037686 -0.014710 -0.041984 -0.050442 -0.023041 -0.009638 -0.051528 -0.017753 -0.020366 -0.025970 -0.024484 -0.021866 -0.027879 -0.015210 -0.033939 -0.049237 -0.019282 0.034927 -0.049557 -0.020983 0.018338 -0.130176 -0.035279 -0.415760 -0.002581 -0.035555 -0.507708 0.053084 -0.050719 0.008062 0.042218 -0.022228 0.015135 0.006267 -0.004631 -0.037737 -0.016439 -0.002050 -0.034552 -0.033965 -0.014471 
-0.033533 -0.034971 0.120480 -0.163649 -0.037529 0.110769 -0.146678 -0.066526 0.116634 -0.150255 -0.039379 0.113549 -0.186854 -0.043256 0.109909 -0.179441 -0.064602 0.113995 -0.016294 -0.063261 0.124188 -0.018275 -0.027444 0.126849 -0.036864 -0.023991 0.116865 -0.042842 -0.048229 0.112509 0.096020 -0.041632 0.103183 0.110309 0.040166 0.084680 0.061537 0.018511 0.073076 0.120534 0.016282 0.078226 -0.182329 0.017583 0.061438 -0.114157 -0.000273 0.079349 -0.161515 -0.017280 0.079172 -0.144960 -0.085237 0.089882 -0.015116 -0.034971 -0.124142 -0.145219 -0.037529 -0.134023 -0.127561 -0.066526 -0.137281 -0.131560 -0.039379 -0.134766 -0.168291 -0.043256 -0.136647 -0.160350 -0.064602 -0.139577 0.002485 -0.063261 -0.125228 0.000924 -0.027444 -0.128155 -0.018950 -0.023991 -0.121067 -0.025513 -0.048229 -0.117655 0.110387 -0.041632 -0.087643 0.121744 0.040166 -0.067209 0.071785 0.018511 -0.063039 0.130888 0.016282 -0.059297 -0.171075 0.017583 -0.088045 -0.100990 -0.000273 -0.095548 -0.147840 -0.017280 -0.102462 -0.129868 -0.085237 -0.110573 
-0.046657 -0.019799 -0.065255 -0.044855 -0.018251 -0.058680 -0.061661 -0.181339 -0.051360 -0.042113 -0.148338 -0.037149 -0.033353 -0.145210 -0.046071 -0.000009 -0.126528 -0.046019 -0.094255 -0.126508 -0.054284 -0.064310 -0.141093 -0.051226 -0.035934 -0.131648 -0.056923 -0.024637 -0.133687 -0.065678 -0.027007 -0.128944 -0.123160 0.002645 -0.001135 -0.145343 -0.019700 -0.071781 -0.148351 0.116209 -0.135255 -0.138692 -0.082657 -0.127651 -0.131272 0.059258 -0.104856 -0.090155 -0.057300 -0.145698 -0.105203 -0.020984 -0.201364 -0.097455 -0.055901 -0.019799 0.057534 -0.053136 -0.018251 0.051303 -0.068656 -0.181339 0.041549 -0.047200 -0.148338 0.030424 -0.039875 -0.145210 0.040558 -0.006899 -0.126528 0.045498 -0.101320 -0.126508 0.039560 -0.071255 -0.141093 0.041019 -0.044052 -0.131648 0.050901 -0.034193 -0.133687 0.061249 -0.045143 -0.128944 0.117728 -0.019146 -0.001135 0.144100 -0.041690 -0.071781 0.143729 0.094133 -0.135255 0.154528 -0.101380 -0.127651 0.117416 0.045091 -0.104856 0.098011 -0.072405 -0.145698 0.095437 -0.035339 -0.201364 0.093215 
-0.256887 0.059343 0.009278 0.082786 0.059341 0.040535 0.087983 -0.050898 0.058093 0.100287 0.023893 0.064632 0.067562 0.019074 0.049482 0.083258 -0.033028 0.049411 -0.255108 -0.038753 0.020428 -0.247173 0.033823 0.020079 -0.279908 0.029359 0.015774 -0.265197 -0.043678 0.017085 -0.128331 -0.018188 0.049037 -0.106093 0.076950 0.057315 -0.045741 0.029359 0.049375 0.048466 -0.003284 0.064040 -0.011138 0.025340 0.039517 0.098800 0.029423 0.048740 0.081666 0.029826 0.065371 0.080556 -0.047390 0.054632 -0.252602 0.059343 -0.047637 0.087922 0.059341 -0.027682 0.095689 -0.050898 -0.044265 0.108833 0.023893 -0.048887 0.074209 0.019074 -0.038808 0.089718 -0.033028 -0.036388 -0.249173 -0.038753 -0.058395 -0.241380 0.033823 -0.056861 -0.274391 0.029359 -0.057506 -0.259649 -0.043678 -0.056600 -0.119542 -0.018188 -0.067699 -0.096316 0.076950 -0.072554 -0.037832 0.029359 -0.055667 0.057508 -0.003284 -0.056062 -0.005096 0.025340 -0.040740 0.104984 0.029423 -0.033398 0.090533 0.029826 -0.052406 0.087828 -0.047390 -0.041955 
-0.084560 0.090744 -0.019881 -0.123464 0.086004 -0.026533 -0.117749 0.091269 -0.037103 -0.122838 0.119424 -0.029046 -0.121135 0.118656 -0.035367 -0.117169 0.098018 -0.036679 -0.083443 0.101242 -0.036640 -0.088338 0.121115 -0.033472 -0.060943 0.128830 -0.030808 -0.062838 0.122182 -0.040696 -0.032311 0.135574 -0.100972 -0.011035 0.174622 -0.142096 -0.126608 0.106298 -0.165347 -0.013322 0.005094 -0.129081 -0.199070 0.026899 -0.119344 -0.101935 0.084282 -0.089274 -0.079366 0.056790 -0.091178 -0.049043 0.092641 -0.087399 -0.086584 0.090744 0.006995 -0.126045 0.086004 0.007748 -0.121977 0.091269 0.019054 -0.125802 0.119424 0.010326 -0.125065 0.118656 0.016831 -0.121340 0.098018 0.018722 -0.087988 0.101242 0.023733 -0.092354 0.121115 0.019867 -0.064869 0.128830 0.021336 -0.068223 0.122182 0.030829 -0.047065 0.135574 0.094996 -0.032187 0.174622 0.138842 -0.149938 0.106298 0.144526 -0.032499 0.005094 0.125632 -0.214695 0.026899 0.088192 -0.114153 0.084282 0.073005 -0.092123 0.056790 0.078267 -0.061576 0.092641 0.079070 
0.120801 0.147255 0.030763 0.070359 0.150047 0.035272 0.063946 -0.063793 0.051887 0.097487 0.000140 0.073341 0.072987 0.018676 0.077855 0.110975 0.003588 0.037118 0.088857 -0.007438 0.044568 0.116621 0.006244 0.059245 0.088754 0.003417 0.064938 0.111783 -0.027770 0.048938 -0.124284 -0.043548 -0.005512 -0.157112 0.066937 -0.014496 -0.228449 -0.031060 -0.014927 0.055975 -0.098563 -0.010109 -0.327861 -0.078652 -0.021868 -0.226185 -0.034087 0.052346 0.127299 -0.019400 0.091855 0.114088 -0.078019 0.040275 0.124046 0.147255 -0.012329 0.074848 0.150047 -0.024339 0.070994 -0.063793 -0.041728 0.107369 0.000140 -0.057918 0.083821 0.018676 -0.066049 0.115281 0.003588 -0.020084 0.094528 -0.007438 -0.030761 0.124177 0.006244 -0.041115 0.097477 0.003417 -0.050917 0.117851 -0.027770 -0.031650 -0.123708 -0.043548 -0.013159 -0.157511 0.066937 -0.009191 -0.228109 -0.031060 -0.019446 0.053830 -0.098563 0.018376 -0.327439 -0.078652 -0.027468 -0.215798 -0.034087 -0.085622 0.139617 -0.019400 -0.071760 0.118832 -0.078019 -0.022739 
-0.066653 0.007537 -0.008620 -0.070624 0.004758 -0.002490 -0.097085 0.106443 -0.005047 -0.074696 -0.002728 -0.023159 -0.062291 -0.017093 -0.037588 -0.061167 0.068165 -0.035228 -0.083889 0.073383 -0.029604 -0.064820 -0.035678 -0.050936 -0.078854 -0.043979 -0.044033 -0.056250 0.062445 -0.024953 -0.106191 0.053616 0.051658 -0.095020 -0.313098 0.082660 0.175486 -0.211427 0.077560 -0.124009 -0.163389 -0.009222 -0.054458 -0.143243 0.003397 -0.277251 -0.108801 0.000598 0.143288 -0.091775 -0.009314 0.028821 0.107700 0.033029 -0.067192 0.007537 -0.001457 -0.070201 0.004758 -0.008112 -0.096746 0.106443 -0.009546 -0.077322 -0.002728 0.011714 -0.067217 -0.017093 0.027837 -0.065752 0.068165 0.025672 -0.087376 0.073383 0.016709 -0.071716 -0.035678 0.040657 -0.084558 -0.043979 0.031730 -0.059352 0.062445 0.016250 -0.097259 0.053616 -0.066976 -0.081572 -0.313098 -0.095955 0.185121 -0.211427 -0.050410 -0.123992 -0.163389 -0.009449 -0.053335 -0.143243 -0.011513 -0.274036 -0.108801 -0.042103 0.140278 -0.091775 0.030663 0.033441 0.107700 -0.028341 
-0.043802 -0.107867 -0.079840 0.097610 -0.101051 -0.055920 0.161085 -0.039522 -0.069127 0.155235 -0.033653 -0.073608 0.018259 -0.044097 -0.074195 0.018288 -0.044133 -0.060452 0.035946 -0.049221 -0.064589 0.036191 -0.040758 -0.074579 -0.087557 -0.027806 -0.089156 -0.097498 -0.033113 -0.075393 0.100754 -0.060191 -0.033069 0.099799 -0.019393 -0.018368 0.136919 0.093986 0.112198 -0.058128 0.191802 0.059964 -0.292012 0.166647 -0.015403 -0.292356 0.089734 -0.052616 -0.014076 0.075222 -0.066940 -0.029324 -0.033355 -0.010023 -0.055262 -0.107867 0.072381 0.088137 -0.101051 0.069904 0.148919 -0.039522 0.092467 0.142464 -0.033653 0.096022 0.006944 -0.044097 0.076092 0.009031 -0.044133 0.062508 0.025871 -0.049221 0.069243 0.024617 -0.040758 0.079158 -0.099919 -0.027806 0.075041 -0.107687 -0.033113 0.059944 0.094667 -0.060191 0.047782 0.095923 -0.019393 0.033104 0.152175 0.093986 -0.090433 -0.048494 0.191802 -0.067992 -0.291026 0.166647 -0.028493 -0.296938 0.089734 0.008249 -0.023940 0.075222 0.064078 -0.030494 -0.033355 0.005519 
0.047270 -0.033546 -0.078810 -0.151675 -0.031171 -0.089720 -0.127348 -0.055565 -0.057604 -0.151360 -0.008866 -0.030281 -0.142817 -0.032923 -0.103511 -0.170588 -0.016904 -0.082419 0.057103 -0.033549 -0.076968 0.032827 -0.018868 -0.073289 0.017660 -0.041068 -0.068574 0.018371 -0.066556 -0.050691 -0.228865 -0.062503 -0.041663 -0.237343 0.057522 0.040269 -0.074851 0.041598 0.101254 0.081190 0.178071 0.207965 0.032179 0.129223 0.094454 0.034691 0.032156 0.058521 0.151831 0.051294 0.071237 0.151027 -0.056806 -0.069392 0.034937 -0.033546 0.084999 -0.163399 -0.031171 0.065999 -0.134537 -0.055565 0.037887 -0.154187 -0.008866 0.007277 -0.156705 -0.032923 0.080961 -0.181005 -0.016904 0.055948 0.044935 -0.033549 0.084650 0.021483 -0.018868 0.077378 0.007194 -0.041068 0.070445 0.010574 -0.066556 0.052870 -0.232523 -0.062503 0.006926 -0.228638 0.057522 -0.075352 -0.058847 0.041598 -0.111320 0.111413 0.178071 -0.193465 0.045958 0.129223 -0.088572 0.043063 0.032156 -0.052667 0.160786 0.051294 -0.047700 0.138934 -0.056806 0.091223 
0.012695 0.032581 0.057125 -0.031408 0.025194 0.040088 0.058098 -0.099874 0.021418 0.024483 0.083685 0.027380 -0.126262 0.063740 0.047062 -0.096453 -0.059321 0.028060 0.086646 -0.070694 0.046137 0.077848 0.125380 0.077864 -0.035302 0.128279 0.071756 -0.068271 -0.059226 0.034458 0.039626 -0.025466 0.047018 0.009899 -0.321436 0.076714 0.040183 0.057192 -0.100439 0.103429 0.100953 -0.237570 -0.014212 0.115904 -0.097770 0.096326 0.084950 -0.075325 0.260893 -0.023029 -0.142377 0.109450 -0.062365 -0.058966 0.021105 0.032581 -0.054581 -0.025052 0.025194 -0.044339 0.060650 -0.099874 -0.012478 0.028307 0.083685 -0.023406 -0.117792 0.063740 -0.065436 -0.091164 -0.059321 -0.042185 0.092577 -0.070694 -0.032644 0.088629 0.125380 -0.065330 -0.024160 0.128279 -0.076233 -0.062342 -0.059226 -0.044291 0.046219 -0.025466 -0.040555 0.021273 -0.321436 -0.074367 0.024691 0.057192 0.105323 0.066692 0.100953 0.250379 -0.028691 0.115904 0.094540 0.083962 0.084950 0.088898 0.236635 -0.023029 0.179835 0.099387 -0.062365 0.074689 
0.035581 0.079088 0.015052 -0.046344 0.079062 0.001462 -0.025501 -0.105420 0.027941 0.008341 0.032019 0.068696 -0.035283 0.052004 0.041569 -0.018906 -0.031568 0.002390 0.024566 -0.029852 0.010277 0.049672 0.034565 0.046192 0.007880 0.022226 0.040330 0.024800 -0.039819 0.021970 -0.112677 -0.069236 -0.054071 -0.080544 0.250643 0.000822 0.382394 0.022820 0.108428 -0.380695 -0.012593 -0.165228 0.002379 -0.005865 -0.060167 0.053472 -0.011696 -0.023985 -0.001627 0.016432 0.011376 0.061628 -0.118494 -0.010464 0.037434 0.079088 -0.009555 -0.045602 0.079062 -0.008384 -0.021030 -0.105420 -0.031445 0.018533 0.032019 -0.066673 -0.028662 0.052004 -0.046384 -0.018335 -0.031568 -0.005194 0.025828 -0.029852 -0.006483 0.056029 0.034565 -0.038234 0.013830 0.022226 -0.038696 0.027810 -0.039819 -0.018009 -0.119502 -0.069236 0.036591 -0.079513 0.250643 -0.012873 0.394318 0.022820 -0.049950 -0.401143 -0.012593 0.106365 -0.006657 -0.005865 0.059845 0.049278 -0.011696 0.031721 0.000095 0.016432 -0.011491 0.059366 -0.118494 0.019573 
-0.005995 0.163269 -0.047406 -0.034939 0.162394 -0.070795 -0.019745 -0.038540 -0.061791 0.069075 -0.028944 -0.069349 -0.098050 0.002442 -0.044939 -0.018672 0.055911 -0.035444 -0.016444 0.065829 0.000425 0.066744 0.016529 -0.002517 -0.060045 0.059761 0.027022 0.010890 0.073543 0.021046 0.167222 0.068199 -0.009200 0.172857 0.006561 0.035912 -0.053139 0.049760 0.279379 -0.049490 -0.090126 0.240476 -0.121138 -0.132641 0.018493 0.198168 -0.044447 0.022408 0.136933 -0.114571 -0.169926 -0.033892 -0.112067 -0.135189 -0.013025 0.163269 0.045974 -0.045145 0.162394 0.064765 -0.028774 -0.038540 0.058138 0.057913 -0.028944 0.078910 -0.103673 0.002442 0.029752 -0.023768 0.055911 0.032249 -0.016195 0.065829 -0.002882 0.065615 0.016529 0.012482 -0.055322 0.059761 -0.035708 0.013918 0.073543 -0.019178 0.163959 0.068199 0.034134 0.176285 0.006561 -0.009625 -0.010709 0.049760 -0.284186 -0.012926 -0.090126 -0.245175 -0.117004 -0.132641 -0.036422 0.199289 -0.044447 0.007516 0.109946 -0.114571 0.188513 -0.053752 -0.112067 0.128590 
0.023966 0.095661 -0.109651 -0.030024 0.097347 -0.097056 0.009537 -0.018214 -0.028324 0.117674 -0.065260 -0.023523 -0.141228 -0.072969 -0.073408 -0.030655 0.043873 -0.097607 0.038781 0.033503 -0.104710 0.138807 -0.089041 -0.086459 -0.106392 -0.047282 -0.049129 -0.025013 0.022206 -0.036422 -0.004525 0.050692 0.155238 -0.038892 -0.030317 0.209911 -0.050812 0.010582 0.054926 0.047570 -0.038687 -0.220178 -0.070581 -0.002336 -0.130576 0.166299 0.028345 -0.015613 -0.115681 0.128455 0.242077 -0.119575 0.046506 0.205003 0.007278 0.095661 0.112003 -0.044218 0.097347 0.091466 0.005189 -0.018214 0.029433 0.112826 -0.065260 0.040877 -0.150628 -0.072969 0.051435 -0.044924 0.043873 0.091917 0.022665 0.033503 0.109336 0.124297 -0.089041 0.106268 -0.112549 -0.047282 0.032645 -0.030185 0.022206 0.032266 0.018769 0.050692 -0.154166 -0.007024 -0.030317 -0.213367 -0.042015 0.010582 -0.061915 0.014067 -0.038687 0.224819 -0.089336 -0.002336 0.118537 0.162087 0.028345 0.040337 -0.078131 0.128455 -0.256669 -0.087533 0.046506 -0.220596 
0.009875 0.077689 -0.053679 -0.004294 0.079931 -0.042057 -0.034143 -0.015540 -0.037015 -0.102894 0.173205 0.016437 0.090801 0.146587 -0.033823 0.061173 0.015913 -0.035971 -0.041128 -0.014003 -0.034068 -0.089106 0.151884 0.009060 0.053767 0.098427 0.007318 0.060642 -0.128815 -0.045490 0.051950 -0.338344 -0.096156 -0.031131 -0.253174 -0.033612 0.026340 -0.056186 0.110084 0.012865 -0.040618 0.087658 -0.101936 -0.024029 -0.003957 0.089983 0.009106 -0.059885 -0.225321 0.162522 0.115248 -0.038927 0.014610 -0.029453 0.001726 0.077689 0.054553 -0.010542 0.079931 0.040940 -0.039301 -0.015540 0.031485 -0.099273 0.173205 -0.031658 0.084713 0.146587 0.047037 0.055098 0.015913 0.044725 -0.045766 -0.014003 0.027526 -0.086745 0.151884 -0.022299 0.054257 0.098427 0.000815 0.053148 -0.128815 0.054057 0.036967 -0.338344 0.102851 -0.035813 -0.253174 0.028572 0.042525 -0.056186 -0.104899 0.025845 -0.040618 -0.084744 -0.101379 -0.024029 -0.011350 0.080002 0.009106 0.072683 -0.205525 0.162522 -0.147686 -0.042898 0.014610 0.023292 
0.014347 0.019834 -0.097325 -0.009907 -0.002633 -0.109107 0.034176 -0.068277 -0.059588 0.002980 0.100830 -0.031971 0.002692 0.089827 -0.074512 -0.053250 -0.134831 -0.081923 0.052852 -0.105623 -0.052023 -0.009912 0.185832 -0.013618 -0.025396 0.135378 -0.018930 -0.058715 -0.088936 -0.020862 0.058536 -0.005778 0.162135 0.128531 0.153173 0.241056 -0.075965 -0.042037 -0.042917 0.035952 -0.105027 -0.009451 0.225698 -0.128840 -0.022893 -0.276400 -0.045524 0.052985 -0.067383 -0.006223 0.028078 0.075697 -0.110379 -0.105541 -0.000387 0.019834 0.098376 -0.026131 -0.002633 0.106393 0.024869 -0.068277 0.064034 -0.001841 0.100830 0.032056 -0.008495 0.089827 0.074075 -0.064916 -0.134831 0.073026 0.044467 -0.105623 0.059350 -0.011839 0.185832 0.011980 -0.027945 0.135378 0.014914 -0.061177 -0.088936 0.011835 0.082152 -0.005778 -0.151543 0.163175 0.153173 -0.219094 -0.081535 -0.042037 0.031059 0.034132 -0.105027 0.014727 0.219726 -0.128840 0.056428 -0.265351 -0.045524 -0.093772 -0.062419 -0.006223 -0.037851 0.059041 -0.110379 0.115685 
-0.025274 -0.126186 -0.015455 0.008341 -0.134744 -0.015237 -0.072085 -0.051011 -0.039185 -0.197303 0.019988 0.020214 0.178874 -0.003887 -0.022635 0.111451 0.004866 -0.066011 -0.115937 -0.004541 -0.079997 -0.200394 0.011555 -0.016798 0.212889 0.019746 0.016194 0.111181 0.052351 -0.011500 0.074621 0.144411 0.163562 0.060681 0.028296 0.163323 0.014038 0.042217 0.097143 -0.000909 0.068724 -0.132480 -0.226318 0.034433 -0.108884 0.115503 -0.039930 0.062498 0.076791 -0.079402 0.089754 0.140593 -0.026377 -0.053451 -0.027303 -0.126186 0.011497 0.005966 -0.134744 0.016314 -0.077139 -0.051011 0.027951 -0.192053 0.019988 -0.049528 0.173469 -0.003887 0.049162 0.100311 0.004866 0.081954 -0.126608 -0.004541 0.061736 -0.200651 0.011555 -0.013396 0.212914 0.019746 0.015864 0.108206 0.052351 0.028018 0.098270 0.144411 -0.150545 0.084451 0.028296 -0.152396 0.028424 0.042217 -0.093946 -0.020735 0.068724 0.130851 -0.240070 0.034433 0.073771 0.123559 -0.039930 -0.044499 0.089364 -0.079402 -0.077245 0.131005 -0.026377 0.073899 
0.000570 -0.024967 0.132124 -0.007329 -0.021768 0.062145 0.019308 -0.005403 -0.056111 0.023306 -0.096861 -0.143123 0.038870 -0.013193 0.029141 0.020747 0.014451 -0.019003 0.001185 0.010712 0.059167 -0.008089 0.004240 0.120272 0.002158 -0.021844 0.111166 0.007263 0.002944 0.105647 -0.162300 0.015675 0.110118 -0.119611 0.007644 0.087755 -0.061148 0.013500 0.188212 0.043567 0.106554 0.098892 0.073506 -0.042110 -0.320965 -0.049630 -0.058981 -0.331194 -0.155267 0.026709 -0.117839 0.002451 0.057432 -0.082550 0.020347 -0.024967 -0.130549 0.002058 -0.021768 -0.062542 0.010689 -0.005403 0.058369 0.001614 -0.096861 0.144999 0.042795 -0.013193 -0.022993 0.017668 0.014451 0.021895 0.010031 0.010712 -0.058323 0.010010 0.004240 -0.120128 0.018779 -0.021844 -0.109589 0.022999 0.002944 -0.103369 -0.143983 0.015675 -0.133178 -0.105123 0.007644 -0.104675 -0.032278 0.013500 -0.195246 0.057882 0.106554 -0.091254 0.024620 -0.042110 0.328353 -0.098660 -0.058981 0.320029 -0.171161 0.026709 0.093263 -0.009936 0.057432 0.081986 
-0.014417 0.058254 0.065548 -0.020862 0.053171 0.005709 -0.088292 0.163136 -0.005594 0.019743 -0.114140 -0.077847 0.009733 -0.065124 -0.042801 0.031245 0.162122 0.024696 -0.081921 0.152142 0.062171 -0.040327 -0.116018 0.009443 -0.038625 -0.118542 0.051325 0.050129 0.002254 0.072574 0.068905 -0.285487 -0.010904 0.080528 0.062071 0.113317 -0.061142 -0.015944 0.094961 0.048443 -0.020170 -0.241502 0.083552 0.112539 0.044996 -0.096884 0.118318 0.123951 0.020278 0.121040 -0.071517 0.132205 -0.048122 -0.204852 -0.004440 0.058254 -0.066967 -0.019773 0.053171 -0.008768 -0.088135 0.163136 -0.007688 0.007865 -0.114140 0.079926 0.003215 -0.065124 0.043776 0.034591 0.162122 -0.019740 -0.071689 0.152142 -0.073736 -0.038458 -0.116018 -0.015375 -0.030505 -0.118542 -0.056530 0.060430 0.002254 -0.064250 0.066496 -0.285487 0.021098 0.096587 0.062071 -0.099982 -0.046234 -0.015944 -0.103045 0.011737 -0.020170 0.246033 0.089347 0.112539 -0.031978 -0.077233 0.118318 -0.137060 0.009342 0.121040 0.073747 0.100042 -0.048122 0.222337 
-0.015139 0.150386 -0.120610 0.015154 0.167090 -0.097801 -0.057680 -0.104577 0.015931 -0.014102 -0.035509 0.046659 0.024776 -0.084421 -0.053825 0.086592 0.019116 0.057476 -0.107227 -0.003941 0.035029 -0.024572 -0.083440 -0.015571 0.066802 -0.001504 0.076666 0.070203 0.094186 0.085927 0.020813 0.237294 0.144307 -0.060887 -0.165506 -0.062892 0.069379 -0.002672 -0.117622 -0.031222 0.073277 0.052691 0.073577 0.113672 0.161462 -0.097353 0.069096 -0.134747 -0.148883 0.129659 0.011186 0.043569 -0.256340 -0.094546 -0.033027 0.150386 0.116984 0.000340 0.167090 0.098968 -0.054644 -0.104577 -0.024387 -0.006957 -0.035509 -0.048244 0.016437 -0.084421 0.056928 0.094222 0.019116 -0.043863 -0.100774 -0.003941 -0.050689 -0.026627 -0.083440 0.011716 0.077528 -0.001504 -0.065799 0.082277 0.094186 -0.074447 0.042185 0.237294 -0.139564 -0.069617 -0.165506 0.053066 0.050986 -0.002672 0.126684 -0.022981 0.073277 -0.056772 0.096923 0.113672 -0.148625 -0.116431 0.069096 0.118652 -0.145530 0.129659 -0.033352 0.028922 -0.256340 0.100004 
0.013988 0.110999 -0.050309 -0.022369 0.128300 -0.016482 -0.092410 0.081407 0.105596 -0.078115 0.042433 0.066552 0.014599 0.019157 -0.007951 0.043681 0.018836 0.005521 -0.060951 -0.012855 -0.045681 -0.018044 -0.081568 -0.085078 -0.002019 -0.099596 -0.050437 0.055264 -0.123134 0.020301 0.152076 -0.188506 0.158535 0.103131 0.127423 0.068839 0.019698 0.028898 -0.182630 -0.041415 0.099571 0.137518 0.009299 0.033902 -0.030849 -0.021779 -0.066537 -0.304861 0.201375 -0.047467 -0.042342 0.048403 0.108772 0.188491 0.006298 0.110999 0.051836 -0.024584 0.128300 0.012947 -0.075557 0.081407 -0.118242 -0.067270 0.042433 -0.077498 0.013244 0.019157 0.010048 0.044015 0.018836 0.001082 -0.067104 -0.012855 0.036040 -0.030579 -0.081568 0.081417 -0.009548 -0.099596 0.049566 0.057681 -0.123134 -0.011798 0.174099 -0.188506 -0.133977 0.112275 0.127423 -0.052621 -0.007869 0.028898 0.183520 -0.020358 0.099571 -0.142169 0.004575 0.033902 0.031894 -0.067180 -0.066537 0.298164 0.192765 -0.047467 0.072016 0.076080 0.108772 -0.179119 
-0.002119 -0.098515 0.067607 0.005548 -0.105310 -0.017395 0.076666 0.062132 -0.059110 0.053739 -0.003851 -0.175193 -0.030587 0.038750 -0.044260 -0.070484 0.029819 -0.013491 0.087809 0.011931 0.071080 0.026883 0.028572 0.029615 -0.035016 -0.014019 0.038598 -0.046408 -0.019011 0.072366 -0.040124 -0.001116 0.115271 0.001660 0.084287 0.106448 0.055262 -0.199537 -0.222179 -0.038614 -0.167294 0.062100 -0.236194 0.057992 0.237130 0.189277 -0.101641 -0.141642 -0.057969 0.126532 -0.014776 0.130332 0.016507 -0.117028 0.008028 -0.098515 -0.067162 0.002881 -0.105310 0.018029 0.066951 0.062132 0.069923 0.026902 -0.003851 0.181264 -0.036870 0.038750 0.039182 -0.071709 0.029819 0.002785 0.097462 0.011931 -0.057131 0.031014 0.028572 -0.025256 -0.028842 -0.014019 -0.043406 -0.035050 -0.019011 -0.078499 -0.022413 -0.001116 -0.119979 0.017580 0.084287 -0.105000 0.021373 -0.199537 0.227949 -0.028881 -0.167294 -0.067182 -0.198027 0.057992 -0.269822 0.165936 -0.101641 0.168385 -0.059528 0.126532 0.005930 0.111340 0.016507 0.135224 
0.019625 0.048222 0.067349 0.005042 0.058274 0.065672 0.073483 0.065078 0.016898 -0.080642 0.129873 0.286207 -0.013094 -0.100412 -0.075909 -0.030674 -0.083188 -0.013052 0.062623 -0.141292 -0.050628 0.045564 -0.126230 0.019312 -0.049237 -0.157433 -0.068266 -0.036619 -0.090557 -0.002912 -0.067303 0.148903 -0.011945 0.194538 -0.040167 -0.061865 -0.021112 0.035167 0.095085 -0.006996 -0.123804 0.030561 -0.016722 -0.018076 -0.072814 0.031935 0.044546 -0.002142 -0.094999 0.162760 -0.041362 0.268870 0.171934 -0.119816 0.029488 0.048222 -0.063652 0.014818 0.058274 -0.064177 0.075185 0.065078 -0.005706 -0.036880 0.129873 -0.295055 -0.024312 -0.100412 0.073093 -0.032282 -0.083188 0.008312 0.054336 -0.141292 0.059434 0.047942 -0.126230 -0.012272 -0.058903 -0.157433 0.060124 -0.036642 -0.090557 -0.002603 -0.068333 0.148903 0.001733 0.183082 -0.040167 0.090296 -0.006637 0.035167 -0.097175 -0.002341 -0.123804 -0.031264 -0.027435 -0.018076 0.069489 0.031254 0.044546 0.006900 -0.100121 0.162760 0.026672 0.247899 0.171934 0.158723 
-0.024407 0.062497 0.140373 -0.058215 0.060797 0.183793 0.002138 -0.060808 -0.019576 0.052331 -0.105572 -0.109238 -0.051095 0.028375 0.126358 -0.001847 0.048042 -0.009891 -0.020647 0.011040 -0.089926 -0.008002 -0.015229 -0.081171 0.015103 0.033167 -0.055241 0.004654 0.100647 -0.053214 0.017868 0.017466 -0.158897 0.188483 -0.036907 0.064070 0.045626 -0.193113 -0.188305 -0.046671 0.142576 0.182663 0.019438 -0.026351 -0.230634 0.005541 0.047250 0.093949 0.001849 0.083105 0.213433 0.155751 -0.100410 -0.024990 -0.003114 0.062497 -0.142445 -0.030039 0.060797 -0.190438 -0.000817 -0.060808 0.019675 0.035385 -0.105572 0.115841 -0.031599 0.028375 -0.132584 -0.003307 0.048042 0.009503 -0.033879 0.011040 0.085821 -0.020065 -0.015229 0.079058 0.006662 0.033167 0.056880 -0.003366 0.100647 0.053311 -0.006125 0.017466 0.159781 0.195951 -0.036907 -0.035127 0.016917 -0.193113 0.193014 -0.018795 0.142576 -0.187592 -0.015314 -0.026351 0.230944 0.019546 0.047250 -0.092060 0.033785 0.083105 -0.210750 0.150253 -0.100410 0.048029 
-0.030748 0.076439 0.154095 -0.027238 0.081382 0.128578 -0.004089 0.043302 -0.054124 -0.007025 -0.039346 -0.258341 -0.018092 0.029085 -0.012931 -0.028596 -0.140995 -0.086631 0.014111 -0.117535 -0.046776 -0.020043 -0.012351 -0.030544 -0.013040 -0.015766 0.007222 0.012175 -0.081793 -0.011849 0.217952 0.006135 0.291248 -0.163668 0.005376 -0.322293 0.032690 0.066490 0.040880 -0.032952 -0.049367 -0.015567 0.020976 -0.004982 -0.010157 -0.013333 0.037006 0.109905 0.044114 0.013828 0.124567 0.041927 0.081064 -0.059748 -0.007329 0.076439 -0.156962 -0.007679 0.081382 -0.131207 -0.012147 0.043302 0.052901 -0.045626 -0.039346 0.254377 -0.019824 0.029085 0.010076 -0.041245 -0.140995 0.081373 0.006948 -0.117535 0.048361 -0.024391 -0.012351 0.027199 -0.011812 -0.015766 -0.009093 0.010264 -0.081793 0.013539 0.259103 0.006135 -0.255331 -0.210080 0.005376 0.294154 0.038443 0.066490 -0.035524 -0.034912 -0.049367 0.010457 0.019219 -0.004982 0.013183 0.003273 0.037006 -0.110663 0.062268 0.013828 -0.116558 0.032508 0.081064 0.065352 
0.028280 0.074370 -0.033841 -0.022126 0.091307 -0.043061 -0.047180 -0.067333 -0.102613 -0.011590 -0.050984 -0.173233 0.012881 0.130362 0.289800 0.060463 -0.082391 -0.030551 -0.078102 -0.109593 -0.087650 -0.025291 -0.107100 -0.039309 0.053829 -0.048748 0.075013 0.080903 -0.153155 -0.044603 -0.149225 0.070848 -0.011829 0.040283 -0.035558 0.175052 0.035668 0.067357 -0.062951 -0.012863 -0.049009 0.029670 -0.034136 0.038973 0.086762 -0.002959 0.156450 0.147682 -0.072451 0.019608 -0.247623 -0.050791 0.182302 0.059152 0.022895 0.074370 0.037694 -0.028324 0.091307 0.039262 -0.062013 -0.067333 0.094392 -0.037397 -0.050984 0.169545 0.056127 0.130362 -0.284604 0.055207 -0.082391 0.039260 -0.090345 -0.109593 0.074968 -0.030892 -0.107100 0.035079 0.064454 -0.048748 -0.066108 0.073313 -0.153155 0.056214 -0.149314 0.070848 -0.010648 0.066040 -0.035558 -0.167047 0.025840 0.067357 0.067582 -0.008275 -0.049009 -0.031262 -0.020761 0.038973 -0.090895 0.019187 0.156450 -0.146460 -0.108710 0.019608 0.233984 -0.041362 0.182302 -0.066090 
0.019454 0.107800 -0.081815 0.038214 0.091846 -0.120094 0.061866 0.022367 0.028478 -0.034864 -0.003598 -0.055606 0.046250 -0.160114 -0.250004 -0.035435 -0.008319 0.031879 0.043477 0.047397 0.135065 -0.029063 0.057889 0.149036 0.030322 -0.017176 0.026976 -0.069269 -0.000035 0.065857 -0.043961 -0.077014 0.080698 -0.032754 -0.021636 0.016539 0.081267 -0.033859 -0.179441 -0.048331 0.133218 0.101494 -0.064048 0.008459 -0.173616 0.052377 0.036854 0.292136 -0.139467 -0.174512 -0.107615 0.064724 0.125057 0.058694 0.006985 0.107800 0.083806 0.019802 0.091846 0.124462 0.065432 0.022367 -0.018894 -0.042797 -0.003598 0.049759 0.008296 -0.160114 0.254111 -0.030263 -0.008319 -0.036825 0.063210 0.047397 -0.127033 -0.006421 0.057889 -0.151707 0.034020 -0.017176 -0.022131 -0.058627 -0.000035 -0.075487 -0.031382 -0.077014 -0.086371 -0.029909 -0.021636 -0.021256 0.053484 -0.033859 0.189586 -0.032590 0.133218 -0.107586 -0.089322 0.008459 0.162069 0.095528 0.036854 -0.281000 -0.154008 -0.174512 0.085520 0.072783 0.125057 -0.048341 
-0.008397 -0.093372 -0.305006 0.047021 -0.061443 -0.287519 -0.032296 0.109839 -0.001077 0.008809 -0.018491 0.011930 -0.063896 0.111147 0.319785 -0.049059 0.006878 0.094527 -0.015422 -0.045137 0.047826 0.042314 -0.048515 0.174110 -0.064990 -0.079828 0.044335 -0.020257 0.038020 0.049875 0.106460 -0.001332 0.029552 -0.016619 0.007181 -0.135331 -0.004308 -0.093242 0.018103 -0.006166 0.010213 0.031083 0.004301 0.006610 -0.167470 0.012908 -0.021107 0.029690 0.040847 0.038685 0.115230 0.110661 0.044674 -0.092507 -0.053970 -0.093372 0.300311 0.003442 -0.061443 0.291319 -0.032093 0.109839 -0.003771 0.010496 -0.018491 -0.010477 -0.015294 0.111147 -0.325748 -0.034353 0.006878 -0.100807 -0.008087 -0.045137 -0.049596 0.067906 -0.048515 -0.165812 -0.057619 -0.079828 -0.053566 -0.012561 0.038020 -0.052346 0.109684 -0.001332 -0.013279 -0.036694 0.007181 0.131317 -0.001549 -0.093242 -0.018544 -0.001442 0.010213 -0.031656 -0.020822 0.006610 0.166226 0.017208 -0.021107 -0.027422 0.057640 0.038685 -0.107815 0.095563 0.044674 0.108033 
0.020260 0.101006 -0.077762 -0.000402 0.087023 -0.016561 0.032582 0.039404 0.127128 -0.036961 -0.097428 -0.252599 0.014391 -0.012971 0.064950 -0.065898 -0.046584 0.166719 0.070809 -0.040580 0.100677 -0.074038 0.075318 -0.068666 0.045925 0.011541 -0.155224 -0.059436 0.006945 0.024724 -0.113446 0.020319 -0.095689 0.173155 -0.060457 -0.017504 -0.016889 0.168690 0.115434 0.013519 0.053456 -0.126489 -0.005510 0.008470 0.150580 -0.008793 -0.132872 -0.117179 -0.109330 -0.173270 0.159470 0.189413 0.062425 0.032346 0.008389 0.101006 0.079919 -0.002877 0.087023 0.016314 0.051249 0.039404 -0.120816 -0.074366 -0.097428 0.244217 0.023954 -0.012971 -0.062063 -0.040192 -0.046584 -0.174707 0.085085 -0.040580 -0.088940 -0.083484 0.075318 0.056807 0.022166 0.011541 0.160351 -0.055064 0.006945 -0.033344 -0.126495 0.020319 0.077624 0.168582 -0.060457 0.043232 0.000585 0.168690 -0.116661 -0.005572 0.053456 0.127087 0.017099 0.008470 -0.149708 -0.026238 -0.132872 0.114541 -0.084220 -0.173270 -0.174042 0.192121 0.062425 -0.003621 
-0.055560 0.099223 0.008077 0.030212 0.106042 -0.049183 -0.005272 0.059260 -0.110087 -0.014700 -0.070253 0.010899 -0.009306 -0.146681 -0.051403 0.005504 -0.196684 -0.204962 -0.023132 -0.119771 -0.060813 -0.046982 0.008365 0.215845 0.042106 0.075464 0.256565 -0.004771 0.081687 -0.009451 -0.004375 0.007373 -0.179001 0.103606 0.052365 -0.004956 -0.019664 -0.176659 0.039177 0.013011 0.107284 -0.076150 0.015763 0.100397 0.128080 -0.030862 -0.080129 -0.083811 0.108646 -0.004996 0.121685 -0.088188 0.164974 -0.004723 -0.053725 0.099223 -0.016304 0.022507 0.106042 0.053152 -0.021696 0.059260 0.108057 -0.012902 -0.070253 -0.012977 -0.016898 -0.146681 0.049430 -0.025246 -0.196684 0.203476 -0.031976 -0.119771 0.056664 -0.014135 0.008365 -0.220446 0.080046 0.075464 -0.247369 -0.006132 0.081687 0.008630 -0.031127 0.007373 0.176328 0.101697 0.052365 0.020413 -0.013576 -0.176659 -0.041680 0.001462 0.107284 0.077240 0.034762 0.100397 -0.124276 -0.043063 -0.080129 0.078245 0.125641 -0.004996 -0.104046 -0.087901 0.164974 -0.008534 
-0.019196 0.049192 -0.021265 0.028475 0.067538 0.035852 0.065544 -0.009128 0.052858 -0.059640 0.071231 0.012034 0.012009 0.095919 0.063795 -0.060146 -0.015358 0.000242 0.071467 -0.049646 -0.061493 -0.029150 0.002108 -0.154444 0.012383 0.000772 -0.101326 -0.002671 0.080812 0.074579 -0.031409 -0.004606 0.115711 0.029163 0.072416 -0.124677 -0.080549 -0.408406 0.174675 0.056636 0.167691 -0.115137 -0.003084 0.102429 0.018811 0.037058 -0.088100 0.065202 -0.077370 0.011877 -0.241198 -0.000050 -0.076408 0.139660 -0.022163 0.049192 0.018151 0.033522 0.067538 -0.031184 0.072719 -0.009128 -0.042448 -0.057166 0.071231 -0.020829 0.021426 0.095919 -0.061277 -0.059432 -0.015358 -0.009245 0.061454 -0.049646 0.071501 -0.051946 0.002108 0.148339 -0.002928 0.000772 0.102038 0.008526 0.080812 -0.074138 -0.013730 -0.004606 -0.119109 0.010166 0.072416 0.127638 -0.053487 -0.408406 -0.184766 0.038758 0.167691 0.122319 -0.000233 0.102429 -0.019060 0.046403 -0.088100 -0.058919 -0.112612 0.011877 0.226895 0.020861 -0.076408 -0.138094 
-0.045278 -0.064796 -0.071511 -0.006312 -0.063274 -0.058379 0.040853 -0.001083 0.077108 -0.000567 0.003953 -0.040527 -0.007836 -0.032128 -0.079497 -0.074850 -0.021864 0.069548 0.025000 -0.040291 0.060185 -0.024979 -0.157676 -0.366650 0.084037 0.214647 0.394890 -0.044087 0.021696 0.107934 -0.029267 -0.056272 -0.044254 0.041833 0.005080 -0.068622 -0.003500 0.041615 0.022303 -0.010835 -0.088379 0.027075 0.010116 -0.061267 -0.092055 -0.004879 0.016585 0.016682 0.036802 0.094774 -0.004878 0.083515 0.042086 0.096295 -0.055475 -0.064796 0.063926 -0.014982 -0.063274 0.056775 0.051938 -0.001083 -0.070122 -0.006629 0.003953 0.039985 -0.019650 -0.032128 0.077427 -0.063593 -0.021864 -0.079971 0.033730 -0.040291 -0.055763 -0.079595 -0.157676 0.358777 0.142216 0.214647 -0.377855 -0.027429 0.021696 -0.113318 -0.035563 -0.056272 0.039373 0.031087 0.005080 0.074112 -0.000121 0.041615 -0.022576 -0.006659 -0.088379 -0.028392 -0.003782 -0.061267 0.092532 -0.002326 0.016585 -0.017224 0.035657 0.094774 0.010333 0.096992 0.042086 -0.082705 
0.000792 0.028879 -0.021895 0.031269 0.062347 0.110201 0.055189 0.189381 0.014811 0.027693 0.028133 0.160961 -0.008314 0.015485 0.136466 -0.016996 -0.058390 -0.045047 0.066708 -0.054238 -0.133842 0.041023 -0.121597 -0.158032 -0.037552 0.035422 0.080399 -0.069887 0.143341 -0.045316 0.099950 -0.086312 -0.002026 -0.213626 -0.020252 0.160607 0.024842 0.084931 -0.069747 0.002045 0.140997 -0.001587 -0.040918 -0.043511 0.063934 0.032727 -0.125310 0.016093 -0.181601 -0.218621 -0.010305 0.015061 0.010717 -0.243480 -0.002495 0.028879 0.021767 0.047416 0.062347 -0.104276 0.056784 0.189381 -0.006381 0.051481 0.028133 -0.155000 0.012213 0.015485 -0.136172 -0.023549 -0.058390 0.041995 0.045916 -0.054238 0.142321 0.016899 -0.121597 0.162393 -0.025091 0.035422 -0.085115 -0.075884 0.143341 0.034341 0.098520 -0.086312 0.016968 -0.187170 -0.020252 -0.190782 0.014119 0.084931 0.072680 0.001784 0.140997 0.001875 -0.030884 -0.043511 -0.069340 0.034768 -0.125310 -0.011012 -0.181097 -0.218621 -0.017002 -0.021565 0.010717 0.242991 
0.057779 -0.075229 -0.020924 -0.043242 -0.073106 0.010985 -0.140876 0.119068 0.148871 0.130082 -0.125567 0.056210 -0.018326 0.013763 0.031525 0.062767 0.040558 -0.235854 -0.038915 0.084796 -0.232240 0.065805 0.108361 0.100555 -0.074211 0.098896 0.120090 0.007831 -0.006435 -0.034943 -0.185979 -0.068553 0.157796 0.165658 -0.066257 -0.175325 0.000070 0.098299 -0.025756 0.000210 0.029374 0.012669 -0.016712 -0.031658 0.059941 0.016734 -0.044276 0.036657 -0.098847 -0.043109 -0.067022 0.154993 -0.101904 0.107297 0.053995 -0.075229 0.029340 -0.041110 -0.073106 -0.017335 -0.116998 0.119068 -0.168286 0.137032 -0.125567 -0.036099 -0.013400 0.013763 -0.033914 0.026746 0.040558 0.242594 -0.073249 0.084796 0.223795 0.080120 0.108361 -0.089569 -0.055394 0.098896 -0.129848 0.002511 -0.006435 0.035721 -0.160256 -0.068553 -0.183863 0.137540 -0.066257 0.198152 -0.003787 0.098299 0.025477 0.002105 0.029374 -0.012494 -0.007549 -0.031658 -0.061768 0.022034 -0.044276 -0.033738 -0.107768 -0.043109 0.051466 0.169311 -0.101904 -0.082881 
-0.005267 -0.044004 -0.043089 0.032592 -0.050274 0.021601 -0.155579 0.118009 0.318314 0.057370 -0.026317 -0.093575 -0.060205 -0.065644 -0.055530 0.110812 -0.248036 -0.074467 -0.061213 -0.162003 0.030636 0.020165 0.105422 -0.011019 -0.047055 0.047860 -0.157631 0.145186 0.131913 0.164249 0.103497 0.029419 -0.152013 -0.136041 -0.000461 0.119037 0.001954 -0.010520 0.010806 -0.001956 -0.059098 0.025355 -0.035097 -0.023006 -0.048402 0.026243 0.070241 0.013001 -0.003103 0.131058 -0.105638 0.039334 0.005778 0.025083 -0.011659 -0.044004 0.041815 0.035459 -0.050274 -0.016477 -0.106164 0.118009 -0.338020 0.042713 -0.026317 0.101110 -0.067841 -0.065644 0.045889 0.098413 -0.248036 0.090219 -0.055936 -0.162003 -0.039456 0.018288 0.105422 0.013914 -0.070126 0.047860 0.148808 0.168142 0.131913 -0.140660 0.079569 0.029419 0.165796 -0.116684 -0.000461 -0.138064 0.003550 -0.010520 -0.010392 0.001862 -0.059098 -0.025362 -0.041949 -0.023006 0.042601 0.027894 0.070241 -0.008925 -0.018885 0.131058 0.103983 0.042646 0.005778 -0.018911 
0.064547 -0.024284 0.024132 -0.058868 -0.049080 -0.015904 -0.160205 0.018083 -0.027784 0.145198 0.031653 0.054956 -0.084075 -0.014848 -0.073593 0.212014 -0.023871 0.166275 -0.138669 -0.016932 0.124901 0.130903 0.062798 -0.164402 -0.137860 0.128594 0.012434 0.114122 -0.243504 -0.034197 -0.067773 0.088648 0.047264 0.055258 0.025363 -0.040468 -0.001458 -0.165665 0.028924 0.002122 0.151863 -0.033796 -0.035656 0.037171 -0.000007 0.014334 -0.005203 0.014279 -0.025012 -0.131926 0.087865 -0.047939 0.145572 -0.183148 0.067433 -0.024284 -0.014195 -0.060586 -0.049080 0.006911 -0.162559 0.018083 0.003484 0.151790 0.031653 -0.032596 -0.094146 -0.014848 0.060175 0.234520 -0.023871 -0.132657 -0.118405 -0.016932 -0.144255 0.104812 0.062798 0.182149 -0.134444 0.128594 -0.032935 0.107716 -0.243504 0.050899 -0.059932 0.088648 -0.056879 0.048576 0.025363 0.048285 0.002890 -0.165665 -0.028816 -0.002962 0.151863 0.033733 -0.035255 0.037171 -0.005332 0.016311 -0.005203 -0.011972 -0.011574 -0.131926 -0.090620 -0.074821 0.145572 0.173906 
0.035009 0.021437 0.033426 0.037505 0.041818 -0.057008 -0.006803 0.234255 0.118765 -0.062374 0.066778 -0.051058 0.139989 0.093633 -0.015114 -0.002696 -0.064051 -0.087400 0.123564 -0.034500 -0.023972 -0.033467 -0.046370 -0.070147 -0.010187 -0.094825 -0.011865 -0.080955 -0.081029 0.195924 -0.217220 0.035531 0.032111 0.132752 -0.038899 -0.008855 0.022682 0.004795 -0.033789 -0.018722 -0.033514 0.035154 -0.027737 0.081573 -0.098603 0.033161 0.102184 0.017809 0.112285 -0.061992 0.127933 -0.302362 -0.179708 -0.160875 0.039619 0.021437 -0.027807 0.028546 0.041818 0.061981 0.011057 0.234255 -0.118445 -0.069315 0.066778 0.041143 0.136148 0.093633 0.035904 -0.015752 -0.064051 0.086011 0.118582 -0.034500 0.042203 -0.043593 -0.046370 0.064345 -0.011849 -0.094825 0.010206 -0.050707 -0.081029 -0.205837 -0.209963 0.035531 -0.064273 0.129930 -0.038899 0.028632 0.017367 0.004795 0.036804 -0.013247 -0.033514 -0.037561 -0.042188 0.081573 0.093338 0.035453 0.102184 -0.012643 0.130175 -0.061992 -0.109679 -0.323042 -0.179708 0.113789 
0.099057 0.046153 -0.059046 0.002007 0.031534 0.036257 -0.018428 0.141882 0.225921 -0.039368 -0.155583 -0.008251 0.090591 -0.088039 0.042330 -0.056190 0.002200 0.018298 0.088402 0.108215 0.037013 -0.073547 0.050202 0.017470 0.080214 0.052660 0.080227 -0.170904 -0.270650 -0.351848 0.117057 0.158225 -0.041665 -0.092014 0.029619 0.050671 -0.003959 -0.108865 0.048782 -0.006635 0.002621 0.003845 -0.018834 0.003432 -0.035306 0.023351 0.024771 -0.028276 0.010776 0.109832 -0.066270 -0.019290 -0.070244 -0.022395 0.089100 0.046153 0.073212 0.007413 0.031534 -0.035548 0.015606 0.141882 -0.226134 -0.040159 -0.155583 0.002263 0.095907 -0.088039 -0.028288 -0.052817 0.002200 -0.026505 0.092947 0.108215 -0.023360 -0.070102 0.050202 -0.028285 0.091322 0.052660 -0.067312 -0.221659 -0.270650 0.322292 0.109499 0.158225 0.058722 -0.083390 0.029619 -0.063877 0.003390 -0.108865 -0.048825 -0.005985 0.002621 -0.004795 -0.023907 0.003432 0.032088 0.018854 0.024771 0.031453 0.000732 0.109832 0.067136 -0.022426 -0.070244 0.019255 
-0.053800 -0.002125 -0.055500 -0.009267 0.005590 0.064665 -0.012022 0.053623 0.037378 0.060578 -0.053064 -0.045131 0.027377 -0.055637 -0.120975 -0.061833 0.175338 0.382519 -0.012676 -0.252578 -0.396950 0.021938 0.043651 0.128840 0.078188 0.072392 0.012912 0.019383 0.005850 0.011333 -0.030651 -0.024048 0.024289 -0.016348 0.021897 0.019110 0.003972 -0.017198 0.008300 -0.006526 -0.073851 0.011747 -0.005166 0.057173 -0.022918 0.000924 -0.007073 0.007590 0.035929 0.012135 -0.022760 -0.083181 0.020489 -0.048829 -0.061504 -0.002125 0.046819 0.000520 0.005590 -0.065323 -0.006290 0.053623 -0.038757 0.053138 -0.053064 0.053693 0.008955 -0.055637 0.123710 -0.003862 0.175338 -0.387465 -0.071968 -0.252578 0.390577 0.040982 0.043651 -0.124102 0.079240 0.072392 -0.001059 0.020861 0.005850 -0.008303 -0.026669 -0.024048 -0.028605 -0.013302 0.021897 -0.021342 0.005170 -0.017198 -0.007611 -0.004694 -0.073851 -0.012592 -0.008539 0.057173 0.021886 0.002050 -0.007073 -0.007366 0.032116 0.012135 0.027883 -0.089554 0.020489 0.035824 
-0.055613 -0.000866 0.032155 0.003434 -0.006361 -0.020662 -0.010411 0.123416 -0.039692 -0.060467 0.118579 -0.120386 0.015195 0.059233 -0.073833 0.050310 0.010663 0.074956 -0.019060 -0.068997 0.017906 0.069549 -0.083565 0.077456 -0.057838 -0.080687 0.055352 0.010668 -0.073288 -0.011607 -0.021886 0.062327 -0.041474 0.022866 -0.022801 0.013274 0.005864 0.092630 -0.046800 0.002911 0.300008 -0.087950 -0.034403 -0.356997 0.067101 0.010428 -0.220227 0.097466 0.056417 0.245401 -0.048789 -0.033708 -0.105412 0.043371 -0.050172 -0.000866 -0.040119 0.000302 -0.006361 0.020943 -0.016237 0.123416 0.037685 -0.077810 0.118579 0.109976 0.003969 0.059233 0.075275 0.060965 0.010663 -0.066578 -0.016164 -0.068997 -0.020558 0.080363 -0.083565 -0.066169 -0.048898 -0.080687 -0.063388 0.008809 -0.073288 0.013073 -0.027849 0.062327 0.037730 0.024596 -0.022801 -0.009701 -0.001209 0.092630 0.047150 -0.010290 0.300008 0.087394 -0.023968 -0.356997 -0.071495 0.024904 -0.220227 -0.094806 0.048476 0.245401 0.056686 -0.026834 -0.105412 -0.047929 
0.084018 -0.005075 -0.030305 -0.117451 0.029233 -0.045199 0.031125 -0.142245 0.011396 -0.045776 -0.235139 0.126585 0.079595 -0.154628 0.128767 0.056063 -0.017910 0.008260 0.066896 0.039357 -0.021397 -0.053472 0.113639 -0.082879 0.047594 0.104388 -0.149090 -0.141809 0.078440 0.143874 -0.048227 -0.101228 0.128154 0.028846 0.003320 -0.046222 0.026536 0.016885 -0.041165 -0.015184 0.080075 -0.016131 -0.029282 -0.190170 0.060834 0.013006 -0.001465 0.021756 0.099758 0.212719 -0.029294 -0.127246 0.186109 -0.170034 0.078534 -0.005075 0.042543 -0.122895 0.029233 0.027104 0.032481 -0.142245 -0.006607 -0.026306 -0.235139 -0.132012 0.097978 -0.154628 -0.115398 0.056668 -0.017910 0.000227 0.062938 0.039357 0.031172 -0.065278 0.113639 0.073939 0.024735 0.104388 0.154535 -0.118668 0.078440 -0.163485 -0.028495 -0.101228 -0.133930 0.021600 0.003320 0.050020 0.020074 0.016885 0.044674 -0.017428 0.080075 0.013676 -0.019843 -0.190170 -0.064533 0.016117 -0.001465 -0.019563 0.094247 0.212719 0.043901 -0.151270 0.186109 0.149065 
-0.078416 -0.031484 -0.062929 -0.001026 0.044746 0.082870 -0.098410 0.127664 -0.106723 0.036185 0.032794 0.012464 0.010540 -0.024650 0.000236 0.020200 -0.197191 0.122932 0.001513 -0.070452 0.208617 0.054158 -0.065426 0.027563 0.100932 0.074710 -0.071446 0.012583 0.255080 -0.345653 -0.177731 -0.147437 0.187899 0.091347 0.004720 -0.002982 -0.005232 0.018081 0.002491 -0.007935 -0.055021 0.026530 -0.020452 0.006919 -0.036450 0.036713 0.057920 -0.021264 0.047673 0.063852 -0.032828 -0.049754 -0.070236 0.003301 -0.086954 -0.031484 0.050478 0.011393 0.044746 -0.082089 -0.113281 0.127664 0.090786 0.037644 0.032794 -0.006905 0.010457 -0.024650 0.001345 0.038378 -0.197191 -0.118522 0.032732 -0.070452 -0.206039 0.057674 -0.065426 -0.019143 0.089096 0.074710 0.085753 -0.039313 0.255080 0.343640 -0.147594 -0.147437 -0.212392 0.089870 0.004720 0.016626 -0.004800 0.018081 -0.003247 -0.003873 -0.055021 -0.027419 -0.025679 0.006919 0.032977 0.033115 0.057920 0.026521 0.042220 0.063852 0.039595 -0.048699 -0.070236 -0.010713 
-0.056816 -0.111609 -0.293982 -0.208350 0.087696 0.268154 -0.017610 -0.115921 0.084107 0.200096 -0.015256 0.011571 0.189553 0.210386 -0.142310 -0.164196 -0.037633 -0.062826 -0.020408 0.041626 0.056572 0.001044 -0.059492 0.066694 0.031400 -0.127532 0.048452 0.038523 -0.009744 0.048726 0.008999 0.029240 -0.014189 0.017590 -0.000465 -0.000580 -0.011570 -0.048426 0.006094 0.016118 0.061965 -0.034632 -0.010369 -0.090383 0.043974 0.010700 0.089841 -0.025256 0.012967 -0.026387 0.029173 -0.005223 0.095214 -0.069958 -0.100193 -0.111609 0.282161 -0.165851 0.087696 -0.296327 -0.004818 -0.115921 -0.085796 0.199573 -0.015256 0.018519 0.166108 0.210386 0.169087 -0.171752 -0.037633 0.037534 -0.011707 0.041626 -0.058989 0.011018 -0.059492 -0.065785 0.038301 -0.127532 -0.043204 0.045384 -0.009744 -0.042408 0.006773 0.029240 0.015377 0.017305 -0.000465 0.003207 -0.010527 -0.048426 -0.007757 0.010751 0.061965 0.036655 -0.003668 -0.090383 -0.045030 0.006798 0.089841 0.026573 0.017189 -0.026387 -0.026902 -0.015638 0.095214 0.068387 
0.020800 0.009700 0.007200 0.005700 0.004700 0.003300 0.002100 0.001600 0.001000 0.000900 0.000800 0.000800 0.000700 0.000600 0.000500 0.000500 0.000400 0.000400 0.000400 0.000300 0.000300 0.000300 0.000300 0.000300 0.000200 0.000200 0.000200 0.000200 0.000200 0.000200 0.000200 0.000100 0.000100 0.000100 0.000100 0.000100 0.000100 0.000100 0.000100 0.000100 0.000100 0.000100 0.998060 -0.001553 -0.062234 0.001542 0.999999
-0.000235 0.062234 0.000139 0.998062 -1.839890 -0.442724 -2.774280 