6.86899 0.836032 16.4853
4.29838 0.82844 16.3761
3.80726 1.23358 16.4365
3.86817 0.913633 16.3762
4.51 0.843217 16.423
4.65308 1.02734 16.417
6.48076 0.933344 16.4136
6.58768 0.632024 16.3319
7.12451 0.557881 16.3559
7.38976 0.842037 16.431
7.55104 0.914199 16.4841
7.56008 0.14522 16.5518
7.17696 0.00936483 16.5202
6.76811 -0.416618 16.6522
5.29606 0.023998 16.7828
4.69485 0.455705 16.5086
3.66214 0.780196 16.534
3.57955 1.23431 16.6419
6.85076 0.836393 17.9016
4.27818 0.82884 17.9446
3.78879 1.23395 17.8714
3.84812 0.91403 17.9334
4.49094 0.843595 17.9032
4.63383 1.02772 17.9127
6.46082 0.93374 17.9632
6.56559 0.632462 18.0478
7.10286 0.55831 18.0376
7.36996 0.842429 17.9693
7.53256 0.914565 17.9203
7.54333 0.145552 17.8532
7.15952 0.00971037 17.875
6.7542 -0.416343 17.7328
5.286 0.0241972 17.5641
4.67793 0.45604 17.8225
3.64622 0.780511 17.7704
3.56644 1.23457 17.6602
