7.53669 0.746858 23.4114
4.90301 0.787594 23.3803
4.4777 1.12564 23.4282
4.56271 0.801553 23.3803
5.18444 0.733748 23.4002
5.34658 0.95945 23.645
7.1766 0.838542 23.5304
7.29589 0.524206 23.168
7.67048 0.422304 23.1003
7.93124 0.695586 23.426
8.1766 0.577443 24.0031
8.23186 0.0159327 23.7647
7.7815 -0.00481052 23.6513
7.34326 -0.111628 24.4765
5.94706 -0.0785148 23.757
5.33044 0.344686 23.4409
4.32599 0.665855 23.4841
4.25401 1.13389 23.6246
7.50995 0.747259 25.0373
4.87666 0.787989 24.9817
4.45317 1.12601 24.9197
4.53655 0.801946 24.9705
5.1586 0.734136 24.9711
5.3287 0.959718 24.7317
7.15397 0.838882 24.9064
7.26127 0.524725 25.2727
7.63343 0.42286 25.3528
7.90476 0.695983 25.0356
8.16897 0.577558 24.467
8.21635 0.0161654 24.7074
7.76251 -0.00452552 24.8059
7.35164 -0.111754 23.9668
5.93253 -0.0782968 24.6399
5.30585 0.345055 24.9355
4.30338 0.666195 24.859
4.23606 1.13416 24.716
7.43944 0.768558 22.5359
4.80614 0.80956 22.5904
4.38265 1.14764 22.6521
4.46602 0.823554 22.6014
5.08806 0.755684 22.6011
5.25809 0.98133 22.8405
7.08341 0.860259 22.6665
7.19084 0.54597 22.3004
7.56302 0.444042 22.2206
7.83425 0.717245 22.5377
8.09821 0.598984 23.1065
8.14564 0.0375071 22.8663
7.69184 0.0168269 22.7676
7.28061 -0.0900813 23.6066
5.86178 -0.0567128 22.9328
5.23526 0.366601 22.6369
4.23279 0.687862 22.7128
4.16545 1.15588 22.8557
7.46552 0.768698 24.1618
4.83182 0.809698 24.1917
4.40657 1.14777 24.1436
4.49153 0.82369 24.1917
5.11326 0.755819 24.172
5.27552 0.981423 23.9272
7.10549 0.860378 24.0426
7.2246 0.546151 24.4051
7.59915 0.444235 24.473
7.86007 0.717384 24.1473
8.10565 0.599024 23.5703
8.16076 0.0375881 23.809
7.71036 0.0169261 23.9222
7.27244 -0.0901251 23.0968
5.87594 -0.056637 23.8158
5.25924 0.366729 24.1315
4.25484 0.68798 24.0878
4.18296 1.15597 23.947
7.37693 0.782383 21.9199
4.74316 0.823348 21.9418
4.31893 1.16143 21.9982
4.40294 0.837337 21.9486
5.02493 0.769477 21.956
5.19197 0.995142 22.1975
7.01931 0.874088 22.0462
7.13128 0.559774 21.6814
7.50442 0.457846 21.6062
7.77169 0.731076 21.9266
8.02858 0.61286 22.4987
8.079 0.0513665 22.2591
7.62645 0.0306722 22.1548
7.20486 -0.0761824 22.9887
5.79449 -0.0428841 22.2974
5.17168 0.380399 21.9937
4.16834 0.70165 22.0571
4.09923 1.16968 22.1991
7.38286 0.78264 23.546
4.74899 0.823601 23.5433
4.32437 1.16166 23.4899
4.40873 0.837588 23.539
5.03065 0.769725 23.5271
5.19593 0.995314 23.2843
7.02433 0.874305 23.4224
7.13895 0.560106 23.7864
7.51263 0.458201 23.8589
7.77756 0.73133 23.5364
8.03027 0.612933 22.9626
8.08243 0.0515152 23.202
7.63066 0.0308543 23.3095
7.203 -0.0762628 22.4788
5.79771 -0.0427448 23.1804
5.17713 0.380634 23.4885
4.17335 0.701867 23.4322
4.10321 1.16985 23.2906
7.2943 0.728614 21.3821
4.66106 0.769736 21.3249
4.23535 1.10785 21.3685
4.32078 0.783745 21.3214
4.94227 0.715849 21.3475
5.102 0.941533 21.5939
6.93305 0.820355 21.4975
7.0559 0.505992 21.1364
7.43113 0.404034 21.0724
7.68868 0.677285 21.4007
7.92826 0.55912 21.9802
7.98581 -0.0024041 21.7423
7.5366 -0.0230841 21.6245
7.09015 -0.129818 22.4453
5.70118 -0.0965172 21.7119
5.0878 0.326767 21.3896
4.08302 0.648084 21.4229
4.00972 1.11613 21.5627
7.25138 0.729058 23.0077
4.61878 0.770172 22.9259
4.19597 1.10825 22.8597
4.2788 0.784179 22.9114
4.9008 0.716278 22.9181
5.07331 0.941829 22.6803
6.89673 0.82073 22.8733
7.00034 0.506566 23.2406
7.37167 0.404648 23.3244
7.64618 0.677724 23.01
7.91601 0.559246 22.444
7.96092 -0.00214701 22.6849
7.50612 -0.0227692 22.7788
7.10361 -0.129957 21.9357
5.67787 -0.0962764 22.5947
5.04834 0.327174 22.8839
4.04672 0.648459 22.7975
3.98091 1.11643 22.6538
7.30648 0.755355 21.2486
4.67346 0.79627 21.1821
4.24757 1.13435 21.2242
4.3332 0.810252 21.1774
4.9546 0.742405 21.2057
5.11344 0.9681 21.4527
6.94483 0.847066 21.3628
7.06897 0.532715 21.002
7.44443 0.430787 20.9394
7.7008 0.704057 21.2686
7.93835 0.585906 21.8489
7.99678 0.0243881 21.6112
7.54799 0.00367369 21.4918
7.09866 -0.103101 22.3111
5.71228 -0.0699043 21.5728
5.10001 0.353334 21.2484
4.09509 0.674572 21.2781
4.02126 1.14261 21.4176
7.25784 0.755783 22.874
4.62555 0.796691 22.7829
4.20295 1.13474 22.7153
4.28562 0.810671 22.7672
4.90759 0.742819 22.7762
5.08093 0.968386 22.539
6.90366 0.847428 22.7384
7.00601 0.53327 23.1061
7.37704 0.43138 23.1911
7.65264 0.704481 22.8777
7.92447 0.586028 22.3126
7.96858 0.0246364 22.5537
7.51345 0.00397778 22.6461
7.11391 -0.103236 21.8015
5.68587 -0.0696717 22.4555
5.05529 0.353727 22.7425
4.05396 0.674934 22.6526
3.98861 1.1429 22.5086
7.24563 0.761138 20.5528
4.61207 0.802241 20.5128
4.18665 1.14035 20.5592
4.27178 0.816248 20.5116
4.89342 0.748356 20.5336
5.05476 0.974033 20.779
6.88515 0.852871 20.6706
7.00563 0.538521 20.3087
7.38043 0.436568 20.2422
7.64012 0.709811 20.5689
7.88349 0.591629 21.1468
7.93949 0.0301126 20.9085
7.48952 0.0094331 20.7936
7.04844 -0.0973301 21.6173
5.65471 -0.0640162 20.8931
5.03923 0.359273 20.5748
4.03469 0.680582 20.6146
3.96229 1.14863 20.7549
7.21334 0.761529 22.1787
4.58027 0.802627 22.1141
4.15703 1.14071 22.0506
4.2402 0.816631 22.1018
4.86223 0.748735 22.1045
5.03318 0.974295 21.8656
6.85782 0.853203 22.0466
6.96383 0.539028 22.4132
7.3357 0.43711 22.4945
7.60815 0.710198 22.1783
7.87428 0.59174 21.6106
7.92076 0.0303397 21.8512
7.46659 0.00971119 21.9481
7.05857 -0.0974529 21.1076
5.63717 -0.0638035 21.7759
5.00955 0.359633 22.0693
4.00738 0.680913 21.9895
3.94062 1.14889 21.8462
7.16277 0.754827 19.8233
4.53031 0.796445 19.7375
4.10422 1.13464 19.7765
4.1901 0.810519 19.7304
4.81125 0.742507 19.7632
4.96835 0.968174 20.0113
6.80031 0.846643 19.9348
6.92701 0.532235 19.575
7.30289 0.430202 19.5151
7.55691 0.703424 19.8461
7.79019 0.585248 20.4282
7.8502 0.0236986 20.191
7.40229 0.00309698 20.0683
6.94696 -0.103503 20.8842
5.56602 -0.0699824 20.1359
4.95624 0.353399 19.8069
3.95122 0.674909 19.8293
3.8765 1.14298 19.9682
7.10225 0.755375 21.4483
4.4707 0.796985 21.338
4.0487 1.13514 21.2672
4.1309 0.811055 21.3198
4.75278 0.743036 21.3333
4.9279 0.968541 21.0974
6.7491 0.847107 21.31
6.84866 0.532945 21.6785
7.21904 0.430961 21.7663
7.497 0.703967 21.4548
7.77292 0.585404 20.8918
7.81511 0.0240165 21.1332
7.35931 0.00348629 21.2222
6.96593 -0.103675 20.3748
5.53315 -0.0696847 21.0183
4.90061 0.353903 21.3007
3.90005 0.675372 21.2034
3.83587 1.14335 21.059
7.06001 0.808605 18.944
4.42772 0.850539 18.8531
4.00159 1.18878 18.8913
4.08752 0.864654 18.8453
4.7086 0.796567 18.8794
4.86525 1.02222 19.1278
6.69735 0.900467 19.0548
6.82469 0.586035 18.6952
7.20067 0.483955 18.636
7.4541 0.757155 18.9676
7.68623 0.638965 19.5501
7.74664 0.0774024 19.313
7.29896 0.0568518 19.1895
6.84205 -0.0496727 20.0045
5.46255 -0.0160035 19.2535
4.85346 0.407443 18.9234
3.84844 0.729075 18.9438
3.7735 1.19716 19.0826
6.99636 0.809202 20.5688
4.36504 0.851127 20.4535
3.94321 1.18933 20.3819
4.02527 0.865238 20.4346
4.64711 0.797144 20.4493
4.82271 1.02262 20.2138
6.64348 0.900972 20.4299
6.74231 0.586808 20.7986
7.1125 0.484782 20.8871
7.39109 0.757746 20.5762
7.66808 0.639135 20.0137
7.70974 0.0777485 20.2552
7.25377 0.0572757 20.3433
6.862 -0.0498598 19.4951
5.42799 -0.0156794 20.1359
4.79496 0.407992 20.4171
3.79462 0.72958 20.3179
3.73079 1.19756 20.1733
6.95604 0.856313 18.1218
4.32228 0.898588 18.1428
3.8982 1.23688 18.1991
3.98206 0.912746 18.1494
4.60402 0.844576 18.157
4.77109 1.07016 18.3987
6.59842 0.948195 18.2479
6.71035 0.633827 17.8832
7.08347 0.531714 17.8081
7.35077 0.80481 18.1287
7.60741 0.686464 18.7008
7.65762 0.124947 18.4612
7.2051 0.104478 18.3568
6.78318 -0.00217004 19.1905
5.37306 0.0318316 18.4987
4.75056 0.455425 18.1948
3.74735 0.777175 18.2579
3.67844 1.24524 18.3999
6.96142 0.856562 19.7479
4.32758 0.898832 19.7443
3.90314 1.2371 19.6908
3.98732 0.912989 19.7399
4.60922 0.844816 19.7282
4.77469 1.07032 19.4855
6.60298 0.948406 19.6241
6.71732 0.634148 19.9882
7.09092 0.532058 20.0608
7.3561 0.805056 19.7385
7.60895 0.686535 19.1647
7.66074 0.125091 19.4041
7.20893 0.104654 19.5115
6.7815 -0.00224793 18.6807
5.37598 0.0319665 19.3817
4.75551 0.455653 19.6896
3.75191 0.777385 19.633
3.68205 1.2454 19.4914
6.94389 0.901476 17.7093
4.31194 0.943281 17.6091
3.88567 1.2815 17.6458
3.97178 0.957379 17.6001
4.59274 0.889323 17.6363
4.74849 1.11498 17.8853
6.58084 0.993318 17.8188
6.70947 0.678898 17.4597
7.08566 0.576837 17.4018
7.3379 0.850045 17.7343
7.56798 0.731858 18.3176
7.62925 0.170302 18.0807
7.18201 0.149731 17.9556
6.72222 0.0431725 18.769
5.34539 0.076784 18.0132
4.73746 0.500205 17.6809
3.73235 0.821787 17.6977
3.6569 1.28986 17.8363
6.87449 0.902046 19.3339
4.24359 0.943843 19.2092
3.822 1.28203 19.1361
3.9039 0.957937 19.1892
4.52568 0.889874 19.2061
4.7021 1.11536 18.9711
6.5221 0.993801 19.1938
6.61963 0.679637 19.5627
6.98952 0.577628 19.6525
7.2692 0.85061 19.3426
7.54818 0.732021 18.7811
7.58901 0.170633 19.0228
7.13273 0.150136 19.1093
6.74398 0.0429936 18.2597
5.30771 0.0770938 18.8954
4.67366 0.50073 19.1743
3.67367 0.82227 19.0716
3.61032 1.29025 18.9268
6.90957 0.859875 17.0568
4.27769 0.902081 16.955
3.85145 1.24037 16.9914
3.93753 0.916231 16.9458
4.55846 0.848081 16.9824
4.71409 1.07372 17.2315
6.54647 0.951776 17.1661
6.67527 0.637326 16.8071
7.05149 0.535206 16.7495
7.30356 0.808384 17.0821
7.53326 0.690179 17.6656
7.59459 0.128606 17.4288
7.14743 0.108101 17.3034
6.68711 0.00163517 18.1165
5.31076 0.0354369 17.3598
4.70309 0.458942 17.0271
3.69803 0.780679 17.0433
3.62257 1.24877 17.1818
6.83916 0.860501 18.6814
4.20835 0.902698 18.5551
3.78686 1.24095 18.4817
3.86867 0.916844 18.5349
4.49043 0.848686 18.5522
4.66703 1.07414 18.3173
6.48688 0.952307 18.5411
6.58413 0.638137 18.9101
6.95394 0.536074 19.0001
7.23385 0.809004 18.6904
7.51317 0.690357 18.1291
7.55376 0.12897 18.3708
7.09743 0.108546 18.457
6.70919 0.00143873 17.6072
5.27252 0.0357772 18.242
4.63837 0.459518 18.5205
3.63849 0.781209 18.4171
3.5753 1.24919 18.2723
6.87894 0.833227 16.3806
4.24519 0.876143 16.3589
3.82034 1.21454 16.4083
3.90491 0.890384 16.3601
4.52665 0.822064 16.3778
4.68985 1.04763 16.622
6.51935 0.925209 16.5009
6.63709 0.610776 16.1381
7.01135 0.508564 16.069
7.27349 0.781629 16.3938
7.52081 0.66328 16.97
7.57476 0.101725 16.7314
7.12398 0.0813553 16.6196
6.6886 -0.025104 17.4464
5.28986 0.0091685 16.7319
4.67247 0.432881 16.4179
3.66845 0.754881 16.4648
3.59736 1.22297 16.6056
6.85801 0.833642 18.0066
4.22458 0.876551 17.9604
3.80114 1.21492 17.8999
3.88444 0.89079 17.9505
4.50643 0.822465 17.9488
4.67586 1.04791 17.7087
6.50164 0.92556 17.877
6.60999 0.611313 18.2429
6.98235 0.509139 18.3216
7.25277 0.782039 18.0035
7.51484 0.663398 17.4339
7.56262 0.101966 17.6742
7.10912 0.0816497 17.7743
6.69517 -0.025234 16.9366
5.2785 0.0093937 17.6149
4.65323 0.433263 17.9126
3.65075 0.755232 17.8398
3.58331 1.22325 17.697
6.78939 0.833161 15.6023
4.15567 0.876478 15.6261
3.73179 1.21494 15.6828
3.81546 0.89077 15.6331
4.4374 0.822355 15.64
4.60482 1.04787 15.8815
6.43195 0.925186 15.7288
6.54336 0.610769 15.364
6.91636 0.508508 15.2885
7.18411 0.781502 15.6087
7.44131 0.663061 16.1806
7.49105 0.101521 15.941
7.03841 0.0812299 15.837
6.61734 -0.0252412 16.6712
5.20649 0.00931028 15.9809
4.58383 0.433146 15.6777
3.58082 0.755294 15.7419
3.51224 1.22338 15.8839
6.7965 0.833426 17.2284
4.16268 0.876739 17.2276
3.73831 1.21518 17.1745
3.82242 0.89103 17.2236
4.44428 0.822611 17.2112
4.60958 1.04805 16.9683
6.43797 0.925411 17.105
6.55257 0.611112 17.4689
6.92621 0.508875 17.5412
7.19115 0.781765 17.2185
7.44334 0.663137 16.6445
7.49517 0.101675 16.8838
7.04346 0.0814181 16.9917
6.6151 -0.0253243 16.1613
5.21035 0.00945423 16.8639
4.59037 0.43339 17.1725
3.58684 0.755518 17.1169
3.51702 1.22356 16.9754
6.77041 0.908555 15.0253
4.13695 0.951275 15.07
3.71345 1.28962 15.1302
3.79681 0.965489 15.0797
4.4188 0.89721 15.0817
4.58808 1.12269 15.3218
6.41396 1.00046 15.1547
6.52255 0.686188 14.7889
6.89496 0.584035 14.7104
7.16518 0.856982 15.0286
7.42693 0.738407 15.5983
7.47489 0.176958 15.3582
7.02145 0.156601 15.2578
6.60701 0.049756 16.0952
5.19074 0.0842233 15.4162
4.56561 0.508021 15.118
3.56307 0.829923 15.1902
3.49551 1.29795 15.333
6.7904 0.908277 16.6513
4.15664 0.951001 16.6714
3.73179 1.28936 16.6218
3.81636 0.965217 16.6701
4.43811 0.896941 16.6528
4.60144 1.1225 16.4086
6.43088 1.00022 16.5308
6.54843 0.685828 16.8937
6.92265 0.58365 16.963
7.18497 0.856707 16.6383
7.43263 0.738328 16.0622
7.48648 0.176797 16.301
7.03564 0.156403 16.4124
6.60075 0.0498433 15.5854
5.20159 0.0840721 16.2991
4.58399 0.507766 16.6127
3.57997 0.829688 16.5652
3.50893 1.29776 16.4244
6.67493 0.90028 14.2081
4.04314 0.943868 14.3115
3.62121 1.28233 14.3813
3.7033 0.958193 14.3289
4.32515 0.889704 14.3169
4.49983 1.11503 14.5534
6.32148 0.992253 14.3454
6.42177 0.678088 13.9772
6.7923 0.57584 13.8903
7.06965 0.848573 14.2025
7.34402 0.729691 14.7663
7.38641 0.168318 14.5249
6.93083 0.148152 14.4346
6.53516 0.0411234 15.2811
5.10409 0.0763288 14.6338
4.47261 0.500452 14.3498
3.47204 0.822663 14.4446
3.40784 1.29066 14.5889
6.73121 0.899368 15.8332
4.09857 0.942969 15.9121
3.67284 1.28149 15.8721
3.75835 0.9573 15.9184
4.37954 0.888823 15.8872
4.53745 1.11442 15.6395
6.36912 0.991481 15.7208
6.49463 0.676907 16.0809
6.87028 0.574576 16.1417
7.12537 0.84767 15.8114
7.36007 0.72943 15.2299
7.41904 0.167789 15.4672
6.9708 0.147504 15.5887
6.51751 0.0414095 14.7715
5.13465 0.0758333 15.5163
4.52434 0.499613 15.8437
3.51963 0.821891 15.8188
3.44562 1.29005 15.6798
6.72104 0.901055 13.7812
4.08886 0.945293 13.874
3.66673 1.28386 13.9421
3.74896 0.959701 13.8899
4.37084 0.891059 13.8805
4.54461 1.11633 14.1177
6.36706 0.993111 13.9171
6.46877 0.678934 13.5493
6.83962 0.576598 13.4639
7.11577 0.849251 13.7773
7.38781 0.730279 14.3421
7.43105 0.168905 14.1008
6.97583 0.148855 14.0088
6.57671 0.0418937 14.8536
5.14828 0.0774784 14.2005
4.51806 0.501769 13.914
3.5172 0.824225 14.0047
3.45253 1.29223 14.1488
6.77073 0.900069 15.4066
4.1378 0.944322 15.4748
3.71232 1.28295 15.4331
3.79756 0.958737 15.4797
4.41885 0.890106 15.451
4.57782 1.11567 15.204
6.40912 0.992276 15.2927
6.53309 0.677658 15.6532
6.90846 0.575231 15.7156
7.16496 0.848274 15.3863
7.40199 0.729998 14.8058
7.45986 0.168333 15.0433
7.01112 0.148155 15.163
6.56113 0.0422029 14.344
5.17527 0.0769428 15.0831
4.56374 0.500862 15.4081
3.55922 0.823391 15.3791
3.48589 1.29157 15.2398
6.68883 0.895699 13.1163
4.05725 0.940637 13.2245
3.63562 1.27931 13.295
3.71745 0.955135 13.2424
4.33925 0.886327 13.2294
4.51447 1.11155 13.4655
6.33568 0.987844 13.2543
6.43515 0.673653 12.8858
6.80547 0.57122 12.7983
7.08352 0.843788 13.1101
7.35883 0.724725 13.6733
7.4005 0.163348 13.4318
6.94475 0.143423 13.3424
6.55054 0.0365393 14.1895
5.11833 0.0725279 13.5448
4.48656 0.496997 13.262
3.48633 0.819717 13.3585
3.42264 1.28774 13.503
6.74802 0.894644 14.7414
4.11555 0.939598 14.825
3.68992 1.27834 14.7857
3.77535 0.954104 14.8319
4.39644 0.885308 14.7995
4.55402 1.11084 14.5516
6.38577 0.986952 14.6296
6.51177 0.672288 14.9894
6.88747 0.569759 15.0496
7.14212 0.842744 14.7188
7.37571 0.724424 14.1369
7.43482 0.162736 14.374
6.98678 0.142674 14.4963
6.53198 0.0368699 13.68
5.15047 0.0719553 14.4272
4.54097 0.496027 14.7558
3.53638 0.818825 14.7327
3.46236 1.28703 14.5938
6.64267 0.90177 12.3969
4.01297 0.947038 12.5437
3.59247 1.28576 12.6204
3.67348 0.96158 12.5666
4.29501 0.892693 12.5444
4.4737 1.11788 12.7779
6.2916 0.993955 12.54
6.38561 0.679764 12.1701
6.75459 0.577288 12.0772
7.03722 0.849809 12.3848
7.32076 0.73069 12.9439
7.35881 0.169317 12.7018
6.90179 0.149453 12.6191
6.52005 0.0425885 13.4719
5.07853 0.0787829 12.8483
4.44273 0.503342 12.5748
3.44407 0.826186 12.6861
3.38256 1.29421 12.8315
6.72572 0.900648 14.0209
4.09477 0.945934 14.1431
3.66865 1.28474 14.1102
3.75471 0.960483 14.155
4.37525 0.891609 14.1135
4.5292 1.11713 13.8633
6.36189 0.993006 13.9144
6.49311 0.678313 14.2723
6.86964 0.575734 14.327
7.11944 0.848699 13.9925
7.34445 0.73037 13.4072
7.40696 0.168666 13.6435
6.96076 0.148656 13.7723
6.49401 0.0429401 12.9627
5.12363 0.0781739 13.7302
4.51907 0.502311 14.0677
3.51429 0.825238 14.0594
3.4383 1.29345 13.9216
6.66394 0.85269 11.8335
4.03342 0.899547 11.9643
3.61265 1.23855 12.0383
3.6938 0.914295 11.9851
4.31541 0.845038 11.9668
4.49281 1.07022 12.2013
6.31205 0.945138 11.9744
6.40813 0.630741 11.6053
6.77761 0.528012 11.5146
7.05852 0.800496 11.8239
7.33858 0.681442 12.3847
7.37777 0.119947 12.1431
6.92126 0.100314 12.0576
6.53427 -0.00597768 12.9081
5.0966 0.0307978 12.2757
4.46272 0.455614 11.9982
3.46359 0.779084 12.1032
3.40147 1.2472 12.2481
6.7371 0.852188 13.458
4.10548 0.899052 13.5642
3.67977 1.23809 13.5285
3.76536 0.913804 13.574
4.38611 0.844552 13.5364
4.54171 1.06988 13.287
6.37397 0.944713 13.3493
6.50284 0.630091 13.7081
6.87897 0.527316 13.7651
7.13095 0.799998 13.432
7.35945 0.681299 12.8482
7.4202 0.119655 13.085
6.97321 0.0999575 13.2112
6.51133 -0.00582019 12.3988
5.13633 0.030525 13.1579
4.52998 0.455152 13.4915
3.52545 0.778659 13.4769
3.45058 1.24686 13.3385
6.73866 0.841608 11.3098
4.10582 0.888996 11.3796
3.68352 1.22812 11.4436
3.76582 0.903815 11.3925
4.38767 0.834443 11.3886
4.55964 1.05978 11.627
6.38362 0.934225 11.4425
6.48816 0.619519 11.0759
6.85962 0.516658 10.9939
7.13335 0.789342 11.3093
7.40032 0.670689 11.8766
7.445 0.108996 11.6364
6.99058 0.0893693 11.5404
6.58399 -0.0161834 12.3818
5.16135 0.0203222 11.7163
4.53414 0.44502 11.4238
3.5329 0.768736 11.5054
3.46753 1.23698 11.6485
6.77419 0.842386 12.9355
4.14082 0.889762 12.9808
3.71611 1.22884 12.935
3.80057 0.904576 12.9827
4.42201 0.835194 12.9595
4.58338 1.0603 12.7136
6.41369 0.934884 12.8184
6.53415 0.620526 13.1803
6.90884 0.517736 13.2461
7.16852 0.790112 12.9188
7.41046 0.670911 12.3405
7.4656 0.109447 12.5791
7.01581 0.0899216 12.6948
6.57285 -0.0164272 11.8721
5.18064 0.0207446 12.5991
4.5668 0.445735 12.9183
3.56295 0.769393 12.8802
3.49138 1.2375 12.7397
