166 5.0 0.0 31.0 -0.91421 34.801796 -1.594783
166 5.0 1.0 31.0 -0.902516 34.62603 -1.594265
166 5.0 2.0 31.0 -0.890823 34.450264 -1.593746
166 5.0 3.0 31.0 -0.879129 34.274498 -1.593227
166 5.0 4.0 31.0 -0.867435 34.098732 -1.592708
166 5.0 5.0 31.0 -0.855742 33.922966 -1.592189
166 5.0 6.0 31.0 -0.844809 33.746956 -1.59167
166 5.0 7.0 31.0 -0.833876 33.570945 -1.591151
166 5.0 8.0 31.0 -0.811725 33.394703 -1.590633
166 5.0 9.0 31.0 -0.789573 33.21846 -1.590114
166 5.0 10.0 31.0 -0.767421 33.042217 -1.589595
166 5.0 11.0 31.0 -0.746452 32.866465 -1.589076
166 5.0 12.0 31.0 -0.725484 32.690712 -1.588557
166 5.0 13.0 31.0 -0.704515 32.51496 -1.588038
166 5.0 14.0 31.0 -0.697116 32.339529 -1.587519
166 5.0 15.0 31.0 -0.689717 32.164099 -1.587001
166 5.0 16.0 31.0 -0.688322 31.974813 -1.586482
166 5.0 17.0 31.0 -0.686927 31.785526 -1.585963
166 5.0 18.0 31.0 -0.685532 31.59624 -1.585444
166 5.0 19.0 31.0 -0.684138 31.406954 -1.584925
166 5.0 20.0 31.0 -0.682743 31.217668 -1.584406
167 5.0 21.0 31.0 -0.683153 31.028604 -1.583887
167 5.0 22.0 31.0 -0.683562 30.83954 -1.583369
167 5.0 23.0 31.0 -0.683972 30.650476 -1.58285
167 5.0 24.0 31.0 -0.684381 30.461412 -1.582331
167 5.0 25.0 31.0 -0.684791 30.272348 -1.581812
167 5.0 26.0 31.0 -0.682725 30.08318 -1.581293
167 5.0 27.0 31.0 -0.680659 29.894011 -1.580774
167 5.0 28.0 31.0 -0.678593 29.704842 -1.580255
167 5.0 29.0 31.0 -0.676528 29.515673 -1.579737
167 5.0 30.0 31.0 -0.674462 29.326504 -1.579218
